label, variance, skewness, kurtosis, entropy,F1+F2+F3,F1*F2*F3,F5+F5+F5+F6
1,-0.091095,-0.34412,0.273405,0.002866,1.097564,0.04496719,0.5333775
1,-0.069435,-0.243865,0.32387,0.01709,1.2473109,0.0687699,1.1912514
1,-0.166015,-0.001346,0.14809,-0.022479,1.1380631,0.049050745,0.6967803
1,0.012131,0.028659,-0.09701,0.022004,1.2062848,0.04064735,0.8777716
1,0.041813,0.055355,-0.12353,-0.003147,1.2462244,0.03836783,1.0000161
1,0.045658,0.166885,-0.202785,-0.083705,1.2669524,0.019468755,0.95418197
1,0.01717,0.006208,-0.014367,0.007327,1.2679533,0.059640124,1.2053846
1,-0.09983,-0.475005,0.4841,-0.006445,1.1685431,0.037512064,0.7296285
1,-0.14549,-0.50356,0.42078,-0.09974,1.0267642,0.024364535,0.16467127
1,0.025407,0.0239,-0.09902,0.028857,1.2201393,0.041346587,0.92936707
1,-0.118375,-0.021832,0.0846,-0.021509,1.1367414,0.050569583,0.7016383
1,-0.029794,0.124055,-0.143365,-0.044914,1.1772707,0.029460348,0.7097488
1,-0.258305,0.402165,0.002213,-0.224915,1.181248,0.025359433,0.6980269
1,-0.08088,0.05463,-0.017751,-0.029979,1.1598594,0.046222582,0.7537216
1,-0.113125,-0.004967,0.140635,0.024331,1.2052126,0.061527226,1.0029048
1,-0.07539,-0.365955,0.394905,0.061445,1.2085549,0.05474098,0.9724519
1,-0.20393,0.146195,0.043513,-0.032695,1.1036941,0.035410695,0.49535143
1,-0.07047,-0.10626,-0.005199,-0.009613,1.0652826,0.039521992,0.38962102
1,-0.08122,-0.31722,0.232875,0.008491,1.0970185,0.04651988,0.54109323
1,0.078155,0.0448,-0.09851,0.032736,1.3122972,0.048655614,1.2889656
1,0.06286,0.243655,-0.264305,-0.293705,1.2962112,0,0.9339479
1,-0.129495,-0.019555,0.046726,0.021486,1.0897763,0.04308207,0.49517196
1,-0.044771,0.101395,-0.11826,-0.06373,1.1603413,0.032976843,0.67366314
1,-0.031022,0.027935,-0.019294,-0.033212,1.2104616,0.052424073,0.964668
1,-0.15433,-0.33181,0.527025,-0.044591,1.2340845,0.051935676,1.0422751
1,-0.30816,0.43548,-0.010811,-0.181725,1.1230538,0.011645352,0.41483137
1,-0.08532,0.16544,-0.114145,-0.10989,1.1533327,0.031818442,0.64259917
1,-0.121745,-0.462485,0.44961,-0.025001,1.1165895,0.03458962,0.5342962
1,-0.038397,0.17299,-0.172025,-0.17138,1.1767917,0.023196299,0.6694759
1,0.012197,0.073665,-0.07096,-0.029268,1.262505,0.04993315,1.126916
1,-0.06284,-0.073665,0.14359,0.022327,1.2288721,0.06747912,1.120362
1,0.005796,0.161095,-0.17151,-0.142285,1.2320724,0.026244348,0.8769377
1,-0.020402,0.027107,-0.026363,0.03293,1.2190688,0.05253471,0.99472475
1,-0.10605,-0.002794,0.09745,0.06765,1.1798362,0.056772757,0.88697386
1,0.03106,0.183855,-0.203855,-0.103555,1.2576759,0.01879359,0.91835874
1,0.016663,0.16554,-0.225405,-0.2006,1.204638,0.01139507,0.6917164
1,-0.087395,-0.29115,0.293495,0.0606,1.1598506,0.054581895,0.8052538
1,-0.037162,-0.016451,-0.021393,0.011659,1.1665804,0.04782325,0.7865323
1,-0.069855,0.165955,-0.069635,-0.09974,1.2143716,0.043667473,0.92399895
1,-0.024974,0.08867,-0.112345,-0.034052,1.1844671,0.035934422,0.77424216
1,-0.336935,0.349395,0.033917,-0.379435,1.0556648,0.00436717,0.13995405
1,0.000156,-0.200305,0.08978,0.045861,1.1785955,0.056644853,0.881951
1,-0.017445,0.159645,-0.17027,-0.15916,1.1985354,0.024825612,0.75373256
1,-0.12763,-0.368125,0.346275,-0.033406,1.0896881,0.040854167,0.48112866
1,-0.07227,-0.421925,0.442415,0.048447,1.2121015,0.049054448,0.94947976
1,-0.174585,-0.60868,0.718445,-0.03082,1.1625907,0.012974833,0.5579628
1,-0.1117,-0.35157,0.37468,0.030667,1.1495258,0.048153825,0.73036754
1,-0.09391,-0.329325,0.24243,-0.001078,1.0778891,0.04371991,0.45853797
1,-0.14573,0.202685,-0.02285,-0.201635,1.1727344,0.04130416,0.76732296
1,-0.321235,0.476555,0.001142,-0.342585,1.1452336,0.008879237,0.4734642
1,-0.24277,-0.295185,0.54909,-0.0411,1.1529486,0.032540895,0.6457446
1,-0.133425,-0.522595,0.455695,-0.086615,1.0600019,0.024314413,0.277795
1,-0.11571,-0.034247,0.099165,-0.022415,1.1438428,0.05228927,0.7364813
1,-0.034873,-0.08836,-0.017237,-0.006186,1.1196477,0.043753754,0.6012597
1,-0.08257,-0.424925,0.45561,0.061895,1.2063694,0.04758972,0.9208827
1,-6.4E-05,0.006932,-0.009826,0.000409,1.2475511,0.057950046,1.1253316
1,-0.044785,0.150125,-0.180335,-0.172285,1.1433073,0.020128906,0.5362808
1,-0.118145,-0.005277,0.09668,0.05679,1.1598701,0.05367214,0.7997089
1,-0.043917,0.16285,-0.18389,-0.16472,1.1510195,0.019624433,0.5594889
1,0.000483,0.17806,-0.22035,-0.220515,1.1950266,0.012491347,0.665677
1,0.029912,0.17506,-0.198975,-0.089205,1.2536427,0.02004578,0.9123181
1,-0.09023,-0.340705,0.335095,0.058405,1.1545174,0.05079076,0.7636682
1,-0.094845,-0.339465,0.263805,-0.016272,1.0873682,0.044117983,0.49334365
1,-0.0893,-0.405785,0.35429,-0.06056,1.1236925,0.042764563,0.60896206
1,0.089375,0.239,-0.25681,-0.16181,1.3374271,0.0028544697,1.0922157
1,-0.110415,-0.455345,0.449955,-0.014203,1.1385713,0.037454627,0.626987
1,-0.092415,0.015519,0.038672,0.070945,1.1625655,0.0515231,0.7956517
1,-0.141955,-0.3315,0.524245,-0.021057,1.2497696,0.05503925,1.1149484
1,0.010108,0.09591,-0.16414,-0.030884,1.1958587,0.026470741,0.754745
1,-0.05372,-0.315565,0.26775,0.040236,1.167967,0.055081315,0.8360337
1,-0.160255,-0.00714,0.048783,0.002284,1.0564749,0.038068067,0.35059428
1,-0.1205,0.187165,-0.020108,-0.064765,1.199871,0.046063855,0.88929296
1,-0.08745,-0.3166,0.304935,0.007133,1.1505816,0.052124247,0.75846136
1,-0.19413,0.2449,-0.046156,-0.254005,1.1144407,0.02991842,0.49814948
1,0.001251,0.16999,-0.221635,-0.213275,1.188988,0.0120394295,0.6422809
1,-0.008648,-0.05908,0.06909,0.03668,1.2537606,0.06704031,1.2025943
1,-0.178565,-0.62461,0.744405,-0.023514,1.1672951,0.010425774,0.5582945
1,-0.107025,-0.008381,0.06605,-0.010453,1.1471956,0.051218837,0.74132085
1,-0.138615,0.163885,-0.046755,-0.157285,1.1333637,0.036822096,0.6053132
1,-0.097115,0.01883,-0.06449,-0.041229,1.0693834,0.033521663,0.36660463
1,-0.045392,-0.39513,0.339035,0.01709,1.1818509,0.05051223,0.85523325
1,-0.07626,-0.31267,0.26762,0.029956,1.1375124,0.05130305,0.70879394
1,-0.026536,-0.004863,-0.010897,0.05213,1.1996212,0.052461956,0.9279057
1,0.01476,0.24428,-0.25745,-0.311615,1.2332112,0.0021818306,0.7324007
1,0.067015,0.206615,-0.23509,-0.129935,1.299655,0.010194251,1.0085812
1,-0.071165,-0.049456,0.11793,0.019741,1.2128747,0.06383181,1.0432689
1,-0.180425,0.166265,-0.025977,-0.178685,1.0927446,0.032529496,0.4402113
1,-0.110865,0.073355,-0.036345,-0.05862,1.1146059,0.038969588,0.55454314
1,-0.00461,0.019658,-0.016423,-0.006897,1.2448345,0.056738243,1.1085861
1,0.037034,0.086495,-0.159815,-0.007285,1.231374,0.029310443,0.89346683
1,0.013439,0.24935,-0.25754,-0.319565,1.2350227,0.0021571,0.73843044
1,-0.123105,0.138225,-0.031289,-0.142865,1.1498553,0.04103183,0.68756175
1,-0.047128,0.001965,-0.012096,0.015797,1.1739986,0.049399663,0.8215725
1,-0.04927,-0.33305,0.291225,0.027305,1.1815251,0.055633783,0.8857124
1,-0.153655,-0.026591,0.119385,0.038814,1.1122658,0.04688012,0.5953511
1,0.021415,-0.047491,-0.053655,0.016055,1.2000397,0.046913903,0.8951124
1,-0.129595,-0.052765,0.194745,0.038879,1.1923069,0.060401622,0.9519174
1,-0.05653,0.09229,-0.067875,-0.06903,1.1799775,0.042165093,0.7973527
1,-0.05401,0.10998,-0.12931,-0.063795,1.1439204,0.029886693,0.5985616
1,0.08204,0.212515,-0.245115,-0.133105,1.3171035,0.0069818995,1.0483146
1,-0.024541,0.14226,-0.18218,-0.15502,1.1650293,0.020786686,0.6144704
1,-0.25338,-0.259385,0.52133,-0.043363,1.1405205,0.030962473,0.59359396
1,-0.04074,-0.286905,0.219595,0.016055,1.1666474,0.05629094,0.8389917
1,-0.13995,0.098395,-0.021179,-0.105625,1.1044627,0.037752356,0.5124187
1,-0.10617,0.059075,-0.027776,-0.040583,1.1180735,0.040448897,0.5755019
1,-0.04367,-0.001656,-0.010083,0.027887,1.1780105,0.050094496,0.83955
1,0.024399,0.17837,-0.21941,-0.19058,1.2305622,0.013628757,0.79396784
1,-0.08353,-0.1045,0.0792,0.035581,1.120479,0.050116863,0.64334583
1,-0.11459,-0.36285,0.397985,0.046055,1.1569947,0.047660016,0.75281143
1,-0.020476,-0.007761,0.003027,-0.00444,1.2181891,0.05613582,1.0139352
1,-0.17958,-0.311425,0.511945,-0.057715,1.19993,0.046980433,0.89514804
1,-0.149105,0.20993,-0.02949,-0.19821,1.1675678,0.03983256,0.7406136
1,-0.07786,-0.49404,0.40544,-0.05403,1.1182139,0.033241577,0.53152466
1,-0.025408,0.1434,-0.09054,-0.11306,1.2435862,0.043925494,1.0252935
1,-0.102645,0.191925,-0.039772,-0.06069,1.2122432,0.045867704,0.9303068
1,-0.08494,-0.355815,0.28951,0.008362,1.1115646,0.045796998,0.5862771
1,-0.247235,0.165025,0.05315,-0.0722,1.0636308,0.0264293,0.30322498
1,-0.059295,-0.062595,0.113175,0.03862,1.2160649,0.06435064,1.0573568
1,0.023684,0.168025,-0.22532,-0.202155,1.2166972,0.01167125,0.73457533
1,0.011937,0.104395,-0.16761,-0.033277,1.201857,0.025960507,0.7720685
1,0.009434,0.035074,-0.025591,0.000279,1.268728,0.058085293,1.198438
1,-0.19447,-0.39161,0.49104,0.023749,1.100435,0.032891024,0.46868703
1,-0.176795,0.015209,0.032845,-0.014785,1.0356132,0.03409795,0.25490913
1,-0.100745,0.18437,-0.096925,-0.19459,1.1600884,0.034157302,0.68008155
1,-0.23731,0.156025,0.05375,-0.06483,1.0717272,0.028679695,0.344737
1,-0.27404,0.409095,0.013909,-0.251615,1.1738166,0.022171535,0.65300155
1,-0.091715,-0.329535,0.282145,0.027499,1.1151149,0.047519453,0.60901797
1,-0.05025,0.004242,-0.01231,0.022844,1.1710155,0.049013544,0.80901015
1,0.005843,0.18675,-0.221895,-0.218705,1.2079296,0.0123581765,0.7088906
1,-0.18006,-0.326945,0.52617,-0.024484,1.1998787,0.045745436,0.8873553
1,0.048354,0.19213,-0.24657,-0.206615,1.2520095,0.005817227,0.81897926
1,0.061395,0.201545,-0.232175,-0.195625,1.2902666,0.010998437,0.98150134
1,0.042273,0.17413,-0.181535,-0.069805,1.2858005,0.026190592,1.0599682
1,0.013259,0.12033,-0.14208,-0.029979,1.2376847,0.033595674,0.94143623
1,-0.118985,-0.07201,0.056365,0.008038,1.0739834,0.042867705,0.43995225
1,0.030025,0.096635,-0.16444,-0.016208,1.2248688,0.027868368,0.86237085
1,-0.13432,-0.004863,0.030832,0.00306,1.0801184,0.040872637,0.44858354
1,-0.063335,0.140915,-0.1213,-0.09431,1.1605232,0.031857632,0.6673804
1,-0.131,-0.342775,0.310845,-0.031143,1.0732734,0.040903673,0.4254145
1,-0.15564,-0.34205,0.53701,-0.05086,1.2331345,0.0507435,1.0316794
1,-0.16119,0.139675,0.016137,-0.043039,1.1368717,0.041242372,0.64455044
1,-0.031342,-0.31505,0.239215,0.0553,1.176043,0.05611395,0.8699651
1,-0.14893,0.117225,0.026334,-0.020087,1.1465385,0.04425391,0.69611704
1,-0.020983,0.14547,-0.089295,-0.110345,1.2525901,0.044950984,1.0623472
1,-0.018253,0.14464,-0.182305,-0.153015,1.1757718,0.021214059,0.65376854
1,0.05822,0.190475,-0.24704,-0.204545,1.2645956,0.005791681,0.86177534
1,-0.078405,-0.36223,0.327685,-0.00638,1.1490796,0.049184665,0.7352032
1,-0.0841,-0.340605,0.35699,0.066615,1.1822975,0.053893887,0.8776162
1,-0.071875,-0.09312,0.2013,0.027564,1.2510026,0.07225979,1.2253767
1,0.031828,0.26011,-0.260795,-0.306055,1.2667929,0.0011889898,0.8408836
1,-0.10826,0.151055,-0.12066,-0.121205,1.1038684,0.027352106,0.44623888
1,-0.150305,-0.611885,0.59776,-0.108015,1.0912325,0.012419665,0.31100866
1,-0.264715,-0.257315,0.51666,-0.055905,1.1216978,0.027376011,0.50723416
1,-0.15,-0.45783,0.47883,-0.036509,1.1044965,0.032239236,0.47852752
1,-0.35182,0.464655,0.008297,-0.22698,1.0983802,8.332523E-05,0.25930852
1,-0.179925,-0.682965,0.88026,-0.124635,1.2387108,0.0010427866,0.7441437
1,-0.168965,-0.688655,0.89637,-0.101615,1.2641398,0,0.82449514
1,-0.179475,-0.3286,0.526255,-0.008191,1.1995571,0.04569589,0.8859521
1,-0.16942,-0.41075,0.516575,0.049094,1.1442406,0.036867242,0.6427121
1,-0.10021,-0.46838,0.466665,-0.005152,1.1579316,0.037717372,0.6946801
1,-0.14569,-0.473555,0.48834,-0.030108,1.1071382,0.03107628,0.48036957
1,0.07952,0.110605,-0.155915,-0.005863,1.3140543,0.034772906,1.20933
1,-0.13954,-0.285665,0.29765,0.022973,1.0923274,0.044765633,0.5142629
1,-0.097775,0.010346,0.062365,-0.018535,1.1713765,0.054005962,0.8410365
1,-0.030721,-0.004553,-0.015909,0.025107,1.1894991,0.050786324,0.8830257
1,-0.071885,-0.0716,0.10572,0.021034,1.1847445,0.059499204,0.92054224
1,-0.07452,-0.110915,0.08027,0.044697,1.129595,0.0513889,0.68230313
1,0.100885,0.08991,-0.147905,0.010495,1.3362823,0.03817628,1.306182
1,-0.190365,-0.404855,0.50886,0.032542,1.1117966,0.033003435,0.508155
1,-0.044705,0.159955,-0.091095,-0.14726,1.2276655,0.042018656,0.959198
1,-0.13632,0.196065,-0.024606,-0.181855,1.1798391,0.042554986,0.7992853
1,-0.12877,-0.28287,0.30515,0.032607,1.1164142,0.047992054,0.6163672
1,-0.178705,0.1972,-0.003956,-0.106015,1.1373487,0.03718988,0.6211814
1,-0.10331,0.008484,-0.05027,-0.041488,1.0649574,0.03452256,0.35767347
1,-0.106205,-0.344845,0.27996,-0.023578,1.0808761,0.042790227,0.46299753
1,-0.054705,0.11536,-0.126185,-0.072265,1.1496366,0.03071276,0.62316513
1,-0.10481,-0.355295,0.33094,-0.016854,1.1189904,0.045633283,0.6106099
1,-0.09224,0.0627,0.013609,-0.05364,1.1765332,0.05046154,0.83677256
1,-0.07866,0.05318,-0.035616,-0.04194,1.1465843,0.043139957,0.6894021
1,-0.038644,-0.372365,0.3246,0.01806,1.1961834,0.05429644,0.927489
1,-0.1451,-0.382815,0.59159,-0.042134,1.2648532,0.050390977,1.137754
1,-0.19429,-0.642305,0.639785,-0.156765,1.0412357,0.006149883,0.10170697
1,-0.085315,0.13978,-0.1189,-0.117455,1.13004,0.029885767,0.55118525
1,-0.104455,-0.024211,0.0852,0.087175,1.1555545,0.053481955,0.78380764
1,0.030025,0.049973,-0.11063,0.00487,1.2363092,0.040336408,0.9783203
1,-0.114055,-0.042835,0.135925,0.002219,1.171474,0.057219815,0.8611932
1,0.005516,0.098705,-0.16834,-0.03263,1.187709,0.02512849,0.7186525
1,-0.14749,-0.41365,0.51323,0.058145,1.1708177,0.040686954,0.7569748
1,-0.061845,-0.08453,0.1259,0.025818,1.206935,0.0636303,1.0217553
1,-0.347995,0.449655,0.01091,-0.2286,1.0949225,0.0011973727,0.25438
1,-0.07087,-0.112675,0.0759,0.030991,1.1297772,0.05124773,0.68205404
1,-0.32542,0.43848,0.011596,-0.19685,1.1197102,0.0077170893,0.37919
1,-0.10023,-0.024729,0.06665,0.082715,1.1452785,0.051467232,0.73631036
1,0.010716,-0.034765,0.043856,0.014827,1.2781448,0.06798795,1.2916576
1,0.019506,-0.00714,-0.0016,0.017542,1.2723329,0.06187134,1.234094
1,-0.110915,-0.0627,0.14993,0.018189,1.1732025,0.058157578,0.87287664
1,-0.06707,-0.09581,-0.007769,-0.005992,1.0757926,0.04031297,0.43036813
1,-0.16962,0.16782,-0.036002,-0.176165,1.1008549,0.033182614,0.47191852
1,-0.088565,-0.538325,0.51092,-0.050215,1.1605108,0.028561242,0.6470051
1,0.037214,-0.188615,0.080655,0.07877,1.2329304,0.06245055,1.1031948
1,-0.18622,0.095185,-0.001771,-0.125475,1.0520474,0.031745136,0.29648262
1,-0.260245,0.36295,0.003541,-0.36502,1.1502466,0.024061427,0.5842198
1,-0.16729,-0.025246,0.13164,0.026853,1.1041652,0.045145094,0.55700344
1,-0.1129,-0.466315,0.468635,-0.042975,1.1428716,0.03625045,0.6342355
1,-0.08468,0.13926,-0.109175,-0.09638,1.1389455,0.031940423,0.59425104
1,-0.085505,-0.439515,0.398675,-0.022738,1.142164,0.04095068,0.6608127
1,0.044756,0.23869,-0.242155,-0.279545,1.2854683,0.0075807218,0.9440445
1,-0.10168,-0.07046,0.05791,0.018254,1.1014333,0.046388045,0.5553467
1,-0.092195,-0.432375,0.38398,-0.033341,1.1251979,0.040156957,0.59801525
1,-0.06984,-0.48349,0.47326,-0.017436,1.1961079,0.039720785,0.83732486
1,-0.11107,-0.011899,0.028004,0.002801,1.1059495,0.044341616,0.5581368
1,0.07757,0.190065,-0.245715,-0.187415,1.2933385,0.006527199,0.9644054
1,-0.179005,-0.646545,0.658895,-0.128385,1.0765724,0.0062579988,0.22297026
1,-0.207395,0.356125,-0.00417,-0.32086,1.2147201,0.036574572,0.8814377
1,0.086655,0.19772,-0.23706,-0.125085,1.3196274,0.009853453,1.0746405
1,-0.018186,0.152195,-0.17408,-0.13918,1.1886089,0.023558285,0.7120382
1,-0.027824,0.16068,-0.165425,-0.139825,1.188515,0.025325967,0.72262114
1,-0.178405,-0.41065,0.50415,0.048383,1.1206515,0.03450865,0.5476593
1,-0.121825,0.18013,-0.07083,-0.14474,1.1489946,0.03599569,0.65356034
1,0.0648,0.214275,-0.242285,-0.145065,1.2959938,0.0077084233,0.9807533
1,0.005903,0.019554,-0.049112,0.021422,1.2317557,0.050738715,1.0269444
1,0.030366,0.19772,-0.2386,-0.224265,1.2371159,0.008103837,0.78225493
1,-0.072135,0.16461,-0.09851,-0.17196,1.1851988,0.036831886,0.7822751
1,-0.138055,-0.525495,0.451195,-0.097735,1.0472767,0.023237841,0.22772643
1,-0.181135,0.19979,-0.017923,-0.195235,1.1237488,0.034802992,0.5600452
1,-0.24213,-0.24966,0.52026,-0.026552,1.1631021,0.035224073,0.69694686
1,-0.018507,-0.2777,0.238745,0.07735,1.2221014,0.064133644,1.0766196
1,-0.10834,0.079665,0.002256,-0.0839,1.1562272,0.04642664,0.74258447
1,-0.150965,0.088875,0.036873,-0.022673,1.1314673,0.04380221,0.6418963
1,0.006063,0.011174,-0.023664,0.048512,1.2476403,0.056092594,1.1141788
1,-0.018013,-0.22245,0.105335,0.047154,1.1492196,0.05354008,0.7625465
1,-0.138845,-0.284835,0.295895,0.018836,1.0924388,0.044863943,0.51524967
1,-0.161525,-0.360675,0.582165,-0.047307,1.2496123,0.04920321,1.0784136
1,-0.28185,0.406305,0.006541,-0.25071,1.1541164,0.019375592,0.56852317
1,-0.11949,-0.039214,0.150705,0.038103,1.179079,0.058303293,0.8938308
1,-0.080145,-0.019452,0.081,0.095515,1.1905594,0.05844171,0.9338644
1,-0.10893,-0.322395,0.30172,-0.010389,1.1124946,0.046881467,0.59614015
1,-0.041768,0.040247,-0.082055,-0.009613,1.150104,0.038337816,0.6717936
1,-0.185905,-0.425445,0.61815,-0.047759,1.196981,0.03589906,0.81673115
1,-0.085075,-0.000518,-0.049669,-0.026552,1.0850384,0.036677074,0.43949515
1,-0.005858,0.030211,-0.019294,-0.002953,1.2484586,0.05671222,1.1207936
1,-0.211245,0.313495,0.007911,-0.277285,1.1876729,0.035734788,0.7839514
1,-0.26506,0.369575,0.001485,-0.369935,1.1464887,0.022767724,0.56341493
1,0.087125,0.184165,-0.200645,-0.086035,1.341535,0.022695536,1.2286193
1,-0.12956,-0.005277,0.06399,0.05207,1.1152419,0.046430167,0.6027323
1,0.050585,0.04511,-0.11753,0.021357,1.2563785,0.040330816,1.0467781
1,-0.169,-0.035385,0.126625,0.035904,1.0897905,0.043485954,0.49771166
1,-0.116495,-0.49766,0.42378,-0.093665,1.0755832,0.028794857,0.35860717
1,-0.097045,-0.43424,0.45775,0.047025,1.1803648,0.043572493,0.80735564
1,-0.20109,-0.4152,0.62775,-0.075495,1.191018,0.034257427,0.7862549
1,-0.06973,0.11567,-0.02225,-0.074525,1.2177453,0.051124487,0.98150945
1,-0.012019,-0.089185,0.10675,0.06209,1.2588155,0.07034799,1.2402483
1,-0.1282,-0.085255,0.07513,0.016379,1.0669479,0.04264644,0.4145769
1,-0.032163,0.12374,-0.14726,-0.05138,1.1702623,0.028291015,0.6786182
1,-0.086315,-0.301185,0.262095,0.014762,1.1268451,0.050413832,0.6669038
1,-0.109895,-0.10626,0.085755,0.022586,1.0867835,0.04592079,0.50246835
1,-0.058335,-0.071185,0.146205,0.03306,1.2394786,0.069247514,1.1674676
1,-0.328865,0.340085,0.042742,-0.37672,1.06794,0.006826589,0.19701694
1,-0.093145,-0.042421,0.126885,0.00487,1.1941534,0.06087898,0.96116376
1,-0.096945,0.07853,0.002299,-0.0561,1.1718497,0.048532926,0.80889267
1,0.037554,0.095805,-0.15549,-0.010259,1.2428175,0.030931529,0.9425202
1,-0.090935,-0.45183,0.45081,-0.006122,1.1700342,0.04113238,0.75704813
1,-0.207145,0.138745,0.034131,-0.035992,1.0853986,0.033286795,0.41981214
1,-0.047702,0.09912,-0.115815,-0.059785,1.1565179,0.03311353,0.66145784
1,-0.113085,-0.23714,0.317445,0.005581,1.1838524,0.05838482,0.91062415
1,-0.24196,0.333775,-0.012139,-0.328875,1.1412758,0.026408395,0.56808096
1,-0.019708,-0.001035,-0.003313,-0.02235,1.2188681,0.05547406,1.0121707
1,-0.319895,0.322395,0.05418,-0.33088,1.0774932,0.009645159,0.24700549
1,-0.129805,-0.46745,0.48971,-0.014009,1.135798,0.034480337,0.5991762
1,-0.07314,-0.07853,0.121785,0.024913,1.1915894,0.06111027,0.9538398
1,0.111395,0.204755,-0.240185,-0.10556,1.3578819,0.009288275,1.2017084
1,-0.07661,-0.25483,0.333895,0.008749,1.2373937,0.06648624,1.1433202
1,0.06759,0.052975,-0.117185,0.019999,1.2870877,0.04258434,1.1654819
1,-0.032884,-0.14009,0.185575,0.04987,1.2585394,0.07326109,1.2572747
1,-0.091075,0.137605,-0.036131,-0.11765,1.1914159,0.04576468,0.8585924
1,-0.035747,-0.22224,0.111205,0.024913,1.1288568,0.051526416,0.6806318
1,-0.127315,0.155505,-0.041614,-0.15179,1.1478194,0.039297197,0.66991425
1,-0.102725,-0.543395,0.47463,-0.07058,1.1050276,0.02489265,0.4350244
1,-0.036755,0.086805,-0.07469,-0.05791,1.1985223,0.04312033,0.8665341
1,0.037948,0.014588,-0.08253,0.041917,1.2454653,0.04636821,1.0467737
1,-0.10033,-0.33595,0.45081,0.004999,1.2432051,0.05905508,1.1173158
1,0.012972,0.250485,-0.25197,-0.31931,1.2399974,0.0039328844,0.7663615
1,-0.128505,-0.34226,0.449995,0.106765,1.1971445,0.051449507,0.91320825
1,-0.08661,-0.46414,0.38595,-0.08584,1.1111783,0.0360448,0.52480465
1,0.067255,0.011795,-0.093925,0.06629,1.2758265,0.046541445,1.1514581
1,-0.083205,-0.06839,0.09985,0.026142,1.1657627,0.056482177,0.83715177
1,-0.015216,0.13264,-0.13878,-0.032824,1.2086713,0.03229783,0.83441454
1,-0.074,-0.52622,0.49588,-0.02513,1.1776187,0.031934842,0.7262
1,-0.023326,0.116915,-0.14906,-0.052155,1.1763494,0.028384848,0.6999707
1,-0.10901,0.168955,-0.06128,-0.133105,1.1673423,0.039361574,0.73693866
1,-0.149415,0.015623,0.022521,0.003448,1.066518,0.038076065,0.3849182
1,-0.149575,-0.33129,0.432605,0.09099,1.1599824,0.046906736,0.7583615
1,-0.043937,-0.110605,-0.002585,0.004999,1.1025511,0.043355778,0.54045796
1,-0.135415,-0.34133,0.376695,0.029504,1.1247213,0.04486319,0.62541795
1,-0.054165,-0.015624,0.064075,0.020646,1.2163126,0.061234716,1.0389824
1,0.05276,0.059285,-0.132055,0.005517,1.2576092,0.037241727,1.0319239
1,-0.055025,-0.36254,0.300695,0.018448,1.1593144,0.05090375,0.7807361
1,-0.22523,-0.29063,0.544335,-0.026423,1.1775582,0.037975088,0.76325107
1,-0.223895,0.36854,-0.015609,-0.33877,1.190358,0.0313475,0.76605344
1,-0.33255,0.33967,0.034302,-0.379435,1.055043,0.0055839997,0.1453377
1,-0.02695,-0.25835,0.171995,0.002607,1.1668955,0.056768727,0.8427855
1,0.007165,-0.054425,0.050195,0.024396,1.2637718,0.066641614,1.234301
1,-0.045659,-0.100565,-0.009783,0.003318,1.1013796,0.042656004,0.5321436
1,-0.06396,0.10688,-0.023792,-0.06987,1.2181606,0.05127033,0.9838264
1,-0.013534,0.16337,-0.17781,-0.15444,1.2004678,0.023203326,0.75032073
1,-0.20622,0.189545,-0.03266,-0.20901,1.0672051,0.027598415,0.32263452
1,-0.011678,0.162025,-0.153345,-0.13892,1.2232163,0.029882282,0.8691536
1,-0.326175,0.48007,-0.012696,-0.34821,1.1288168,0.0070908447,0.4064061
1,-0.1228,-0.012209,0.070205,-0.022932,1.1251585,0.048251726,0.64781153
1,-0.103295,0.05256,-0.023149,-0.05487,1.1213307,0.041358735,0.59223044
1,-0.038844,0.006518,-0.001557,-0.017695,1.1984339,0.053210314,0.9284697
1,-0.11759,-0.241795,0.332395,-0.003018,1.1867516,0.05815074,0.91907454
1,-0.035434,-0.27801,0.202415,0.04515,1.1661551,0.05644018,0.83823204
1,-0.024621,0.044696,-0.081415,-0.028427,1.1787157,0.040845957,0.7849096
1,-0.200125,-0.674895,0.88386,-0.16601,1.2187176,0.0022328896,0.6832523
1,-0.041027,0.032591,-0.024435,-0.026358,1.1950867,0.05004789,0.89754
1,-0.22498,0.17144,0.028133,-0.05836,1.0789758,0.029735023,0.3759845
1,-0.08943,-0.31743,0.28077,0.021292,1.126285,0.049427584,0.65890867
1,-0.113385,0.16482,-0.112815,-0.12321,1.1135371,0.028702566,0.487566
1,-0.184085,0.161195,-0.034674,-0.17002,1.0761784,0.030492349,0.37110907
1,-0.116105,-0.46652,0.46165,-0.039936,1.1320777,0.035391245,0.5920984
1,-0.122805,-0.22783,0.32267,-0.002824,1.1813024,0.05767888,0.89756703
1,-0.120575,-0.456795,0.46722,-0.03263,1.1377075,0.036519043,0.61826813
1,-0.103155,-0.075735,0.06095,0.022262,1.0979774,0.046152696,0.54210097
1,-0.07614,-0.323945,0.28784,0.043663,1.1466686,0.051678743,0.74235904
1,-0.143095,0.225965,-0.029062,-0.213145,1.1886048,0.041819762,0.82466567
1,-0.101425,0.19234,-0.031718,-0.05875,1.2212524,0.04776785,0.972774
1,0.025113,0.032694,-0.058965,0.019999,1.2608064,0.051959924,1.1336207
1,-0.184805,-0.683895,0.878975,-0.130905,1.2298692,0.00084667176,0.7127599
1,-0.006345,-0.057525,-0.047569,0.028922,1.1577363,0.04398269,0.73265964
1,-0.049097,0.13978,-0.061705,-0.07834,1.231554,0.04729433,1.0050102
1,-0.173025,0.134505,0.008083,-0.05112,1.1089941,0.03734018,0.5253408
1,-0.030127,0.086185,-0.107505,-0.038514,1.1793454,0.036378216,0.7595004
1,-0.06393,-0.120435,0.228675,0.023814,1.2656052,0.075068764,1.2925388
1,-0.06423,0.163575,-0.088355,-0.16304,1.2045747,0.040142752,0.86882305
1,-0.038731,-0.09384,0.120115,0.056595,1.2283205,0.066635855,1.1132782
1,0.109715,0.227515,-0.2488,-0.13627,1.3650694,0.006100673,1.206576
1,-0.29517,0.328395,0.033831,-0.333985,1.1001117,0.016054362,0.3637311
1,-0.190265,0.121365,0.034045,-0.054355,1.0966636,0.0363718,0.47728628
1,-0.08193,0.16792,-0.08651,-0.17823,1.1838875,0.038263716,0.7866318
1,-0.08791,0.136985,-0.126615,-0.1117,1.1175587,0.027930252,0.4965272
1,-0.23169,-0.637545,0.83583,-0.16084,1.1597625,0.006296363,0.5071162
1,-0.12542,-0.011382,0.0744,0.060345,1.125613,0.04835766,0.65001583
1,0.003126,0.146505,-0.177335,-0.133685,1.2122842,0.02399425,0.795526
1,-0.156365,-0.355605,0.569485,-0.004182,1.2499241,0.050547864,1.0877717
1,0.013319,0.036626,-0.033946,0.001767,1.2682943,0.056776114,1.1888826
1,-0.207045,0.173095,-0.023921,-0.194395,1.0612338,0.0279442,0.3043886
1,-0.18965,-0.635475,0.639785,-0.14125,1.0530392,0.007263576,0.14885925
1,-0.1294,0.19327,-0.01668,-0.063985,1.1945567,0.045228604,0.8660047
1,-0.08988,-0.33843,0.333765,0.044956,1.1555789,0.051077597,0.7690599
1,-0.09178,-0.33781,0.252925,-0.027522,1.0836535,0.043931097,0.47951314
1,-0.19586,0.13326,0.039443,-0.039095,1.1021466,0.03627468,0.4953996
1,-0.099405,0.049973,-0.014281,-0.035022,1.1326457,0.043398015,0.64342475
1,-0.11402,-0.015313,0.066735,0.068815,1.1325092,0.049352065,0.67968494
1,-0.19276,0.176095,-0.019208,-0.19304,1.0881424,0.03140683,0.4175802
1,-0.224305,-0.664445,0.865435,-0.16097,1.1757892,0.0032505877,0.5430248
1,-0.19849,0.18406,-0.030004,-0.200665,1.0765374,0.029210389,0.3644266
1,-0.07223,0.10719,-0.023621,-0.083385,1.2066122,0.04985365,0.93567586
1,-0.29365,0.45876,-0.013724,-0.30211,1.1588937,0.015629582,0.5617207
1,-0.15493,-0.52301,0.448585,-0.117135,1.0225492,0.02165259,0.13355847
1,-0.192415,-0.640235,0.78412,-0.06405,1.1698433,0.0075387107,0.5491829
1,-0.098625,0.144125,-0.11543,-0.11862,1.1170845,0.02922489,0.5028944
1,-0.128325,-0.34412,0.37708,0.035387,1.1331909,0.045986522,0.66125166
1,-0.214435,-0.393165,0.591935,-0.09489,1.1574041,0.032391775,0.66003025
1,0.083995,0.21034,-0.22699,-0.119655,1.3339114,0.013604541,1.1465263
1,-0.010944,-0.11019,-0.00477,0.028211,1.1485645,0.047630977,0.72386175
1,-0.16346,-0.63703,0.777865,-0.007091,1.2086141,0.009438461,0.6932171
1,0.007712,0.005897,-0.084115,0.029762,1.1939868,0.04187687,0.84338534
1,-0.10377,0.063835,-0.032103,-0.06321,1.1213692,0.040351696,0.5861501
1,-0.133245,-0.64065,0.633445,-0.09541,1.125056,0.008771338,0.40393695
1,-0.203395,0.124775,0.039786,-0.055195,1.0852246,0.034207482,0.42489755
1,0.06099,0.10491,-0.15977,0.006422,1.2797453,0.031867743,1.0743215
1,0.07189,0.033419,-0.101335,0.051355,1.2923102,0.04639886,1.2068341
1,-0.11571,0.10419,-0.023407,-0.083835,1.141841,0.0419872,0.6661041
1,-0.19967,0.291665,0.027362,-0.246895,1.2047887,0.040531896,0.8719536
1,-0.124175,-0.37247,0.34482,-0.032242,1.0901659,0.040823136,0.48256785
1,-0.025502,-0.011796,0.001014,0.038167,1.2061863,0.054543607,0.96315104
1,-0.116055,0.1583,-0.05001,-0.135755,1.1589174,0.0398413,0.7111455
1,-0.08331,-0.015003,0.07119,0.001249,1.1808721,0.056493696,0.8887879
1,0.03688,0.242625,-0.23993,-0.283295,1.2789706,0.008211354,0.9257591
1,-0.013327,-0.032281,-0.021007,0.044568,1.189443,0.050310913,0.87990165
1,-0.114935,-0.26135,0.2815,0.045861,1.132097,0.051438976,0.69115067
1,-0.10837,0.006208,-0.052325,-0.043104,1.0541856,0.03338636,0.3139035
1,-0.086395,-0.34205,0.44747,0.034029,1.2558607,0.06095967,1.1722546
1,-0.027504,0.143295,-0.08244,-0.121595,1.2474632,0.045672346,1.0493
1,-0.21466,0.167095,0.038629,-0.049893,1.0996516,0.03313454,0.46751535
1,-0.031649,-0.256385,0.22812,0.073985,1.2099442,0.0634338,1.030813
1,0.045204,0.16854,-0.224935,-0.184825,1.2484523,0.012468971,0.8478689
1,-0.20107,-0.64003,0.780995,-0.047824,1.1548214,0.007138965,0.49545068
1,-0.06707,-0.10388,0.140465,0.030344,1.1974669,0.062741145,0.98395795
1,-0.06195,-0.32705,0.240755,-0.00166,1.124244,0.04927931,0.65102863
1,0.003306,0.12457,-0.147005,-0.031078,1.2222595,0.03152802,0.8760396
1,-0.20979,-0.409095,0.606455,-0.080085,1.1646919,0.032216724,0.68382233
1,-0.219835,0.248005,-0.032446,-0.273595,1.0915025,0.026713109,0.4000956
1,-0.014008,0.153645,-0.169285,-0.145775,1.199851,0.025164032,0.7603098
1,0.033183,-0.002277,-0.009397,0.011724,1.2889806,0.06268872,1.2959507
1,-0.25608,-0.26559,0.51923,-0.05306,1.1301733,0.029601038,0.54988384
1,-0.033004,-0.1613,0.19029,0.05918,1.2465558,0.07113986,1.2032928
1,-0.038924,0.170095,-0.174295,-0.177845,1.1719093,0.022511791,0.6485914
1,0.053185,0.184785,-0.20797,-0.096895,1.2867371,0.018545326,1.0160068
1,-0.09895,0.161505,-0.067875,-0.129095,1.1705943,0.03931444,0.7477464
1,-0.102205,0.061355,0.009282,-0.05455,1.1574264,0.047685444,0.75444144
1,-0.020823,0.016244,-0.016809,-0.018018,1.2185633,0.053746477,1.0004742
1,-0.012373,0.09684,-0.123485,-0.040259,1.1991578,0.034946315,0.8182836
1,-0.244305,0.35271,-0.008626,-0.34795,1.1550906,0.026691556,0.6169745
1,-0.169315,-0.649445,0.652725,-0.13601,1.0830619,0.006112096,0.24421759
1,-0.04367,0.082665,-0.10982,-0.039031,1.1551838,0.03417761,0.66346836
1,0.013666,0.243865,-0.24597,-0.29099,1.2412136,0.0058157467,0.78212595
1,0.026187,0.1822,-0.20373,-0.099545,1.2495167,0.018557673,0.8890582
1,0.008179,-0.16792,0.068745,0.067845,1.19628,0.058106985,0.9513229
1,-0.144785,-0.601025,0.595745,-0.13776,1.1055852,0.014530314,0.3730102
1,0.075385,0.09798,-0.15292,-0.006122,1.3012227,0.034832373,1.1659055
1,0.049148,0.17113,-0.19846,-0.08558,1.278889,0.02112458,1.0051323
1,-0.09558,-0.308015,0.2803,0.024267,1.1240559,0.049451888,0.65145123
1,-0.167765,0.017796,0.132365,-0.018923,1.1363162,0.04803835,0.6845739
1,-0.083185,0.164405,-0.113505,-0.11112,1.156189,0.03217075,0.65452003
1,-0.014348,0.15892,-0.178835,-0.15948,1.1950804,0.022753764,0.72916156
1,-0.144145,0.19482,-0.00944,-0.05836,1.180688,0.043545313,0.80829096
1,-0.26203,0.33129,-0.009954,-0.343035,1.1123519,0.021730592,0.4405164
1,-0.157115,-0.651825,0.783865,-0.033083,1.2118627,0.00700008,0.6892632
1,-0.083385,-0.357675,0.394645,0.048383,1.2029964,0.05450187,0.9520072
1,-0.069975,-0.09581,0.12577,0.029956,1.1866556,0.06067303,0.9343051
1,-0.106665,0.078425,-0.004213,-0.087265,1.1521416,0.045537595,0.72315717
1,-0.21055,-0.62368,0.74852,-0.06942,1.1254051,0.008662897,0.40445927
1,-0.052775,0.03973,-0.08484,-0.023384,1.1314424,0.03638716,0.59607345
1,-0.088485,0.171645,-0.06072,-0.118945,1.199441,0.04293695,0.868538
1,-0.046794,-0.25504,0.226835,0.06933,1.1880004,0.06046572,0.9376159
1,-0.151325,-0.003104,0.034302,-0.002759,1.0598985,0.038222343,0.36322975
1,-0.16389,0.090115,0.009025,-0.119655,1.0897608,0.037257,0.45918864
1,-0.078105,-0.110605,0.212955,0.013986,1.2389735,0.070295595,1.1722087
1,-0.126865,-0.34795,0.44027,0.076445,1.1868727,0.050281517,0.87094855
1,-0.179665,0.011484,0.03563,-0.01666,1.0310856,0.033674918,0.23684816
1,-0.22009,-0.646855,0.782795,-0.08403,1.1238325,0.0053733494,0.37880158
1,-0.33763,0.44086,-0.003099,-0.18625,1.0912204,0.003971463,0.2588566
1,-0.000745,-0.051215,-0.047012,0.032478,1.1710151,0.04525791,0.78584325
1,-0.05058,-0.009519,-0.045299,0.00015,1.131819,0.041705493,0.63016343
1,0.07448,0.17144,-0.201545,-0.071295,1.3129989,0.021413716,1.1233256
1,-0.1865,-0.648615,0.649085,-0.1342,1.0557613,0.005632239,0.14808683
1,-0.352105,0.46,0.012967,-0.23416,1.0985091,0,0.25923434
1,0.040792,0.242,-0.263065,-0.304115,1.2642127,0.00042163927,0.8273449
1,-0.073905,0.007139,-0.05811,-0.02429,1.0996065,0.03711702,0.4919265
1,-0.017405,-0.019348,-0.023921,0.031314,1.1907295,0.050077625,0.88285315
1,-0.048035,0.134815,-0.15613,-0.065605,1.1480166,0.02518868,0.5835624
1,-0.191015,-0.652755,0.847915,-0.11526,1.2174567,0.0059815096,0.70207155
1,-0.02147,-0.007347,0.002213,-0.007803,1.2163641,0.05583108,1.0058272
1,-0.124705,0.177235,-0.068605,-0.142415,1.1445913,0.035834484,0.6375387
1,-0.2122,-0.65317,0.85558,-0.140085,1.1931952,0.0051702186,0.6142683
1,-0.042355,0.156645,-0.15056,-0.14694,1.1773446,0.027695652,0.6991159
1,0.119585,0.227825,-0.24944,-0.144935,1.3789853,0.0059758765,1.253298
1,-0.141335,-0.452035,0.45347,-0.049117,1.0994813,0.03328938,0.4678895
1,0.001511,-0.05256,0.07012,0.038685,1.2741796,0.06995355,1.2902493
1,-0.091955,-0.454415,0.46208,-0.005216,1.1763383,0.041163184,0.77875286
1,-0.1759,0.143815,0.00774,-0.06043,1.1115193,0.03710946,0.5325357
1,0.0259,0.012933,-0.042043,0.048059,1.2617326,0.054815337,1.1543943
1,0.015902,-0.049663,0.054735,0.04431,1.2838483,0.069767594,1.3220994
1,-0.13143,0.009001,0.08978,0.048641,1.1454498,0.0506943,0.7321273
1,-0.06212,-0.085875,-0.026277,-0.010518,1.074421,0.038691856,0.4156881
1,-0.144165,0.088565,0.034473,-0.02319,1.138975,0.04490428,0.6743162
1,-0.15683,0.021106,0.131125,-0.003212,1.1534964,0.050966583,0.76126814
1,-0.027678,-0.396165,0.33578,0.037197,1.2038206,0.052953895,0.9452717
1,-0.03494,-0.168855,0.206055,0.075215,1.2516922,0.07211225,1.2268202
1,-0.274505,0.45524,-0.019379,-0.298815,1.1789997,0.02021808,0.6586409
1,0.011216,-0.026074,-0.020193,0.060085,1.2301877,0.05464819,1.0457075
1,-0.22885,0.172575,0.03336,-0.047371,1.078747,0.029383842,0.37303758
1,-0.12825,-0.289495,0.30061,0.002348,1.1082947,0.046941184,0.58217525
1,-0.14495,-0.030212,0.130225,0.06888,1.1314504,0.05004386,0.68033856
1,-0.233825,-0.28318,0.54845,-0.016725,1.1742826,0.036248676,0.7414231
1,-0.13514,0.081635,0.041799,-0.00457,1.1531173,0.047574047,0.7390485
1,-0.187515,-0.67293,0.87966,-0.138855,1.2347567,0.0027533688,0.74120075
1,-0.13203,-0.220795,0.29915,-0.006962,1.1529981,0.053951435,0.7779789
1,-0.1753,-0.628335,0.75803,-0.037608,1.1809554,0.010139262,0.6031468
1,-0.048663,-0.32084,0.28013,0.051615,1.1819792,0.056507792,0.8926531
1,0.072505,0.180335,-0.202785,-0.07983,1.3157388,0.021109523,1.1307998
1,-0.014929,0.123845,-0.14756,-0.033083,1.1949388,0.02974236,0.7717856
1,-0.252385,-0.290115,0.5622,-0.019505,1.1541703,0.030546173,0.6376099
1,-0.09038,-0.440655,0.43543,-0.010841,1.1659467,0.042236473,0.7499089
1,-0.188735,0.12581,0.041671,-0.015497,1.1087672,0.037860755,0.52777725
1,-0.218865,-0.275835,0.54695,-0.02041,1.2000635,0.041496344,0.8617765
1,-0.091935,-0.31505,0.28253,0.009784,1.1259694,0.04942917,0.65784156
1,-0.16791,-0.36202,0.572095,-0.028557,1.2307208,0.046796322,0.9990946
1,0.07905,0.043455,-0.11569,0.041206,1.2977797,0.043624405,1.2083867
1,-0.020429,0.154885,-0.148035,-0.13446,1.2098265,0.030251332,0.8257335
1,-0.034539,-0.025039,-0.017709,0.023749,1.1671104,0.048327465,0.7914512
1,-0.1143,-0.27242,0.290195,0.044116,1.1322198,0.051040895,0.6891142
1,-0.087945,-0.32312,0.423865,0.015991,1.2474544,0.06179436,1.1487143
1,-0.27207,0.361815,0.005469,-0.37821,1.1340033,0.021092147,0.5104697
1,-0.25595,0.33243,-0.002499,-0.32603,1.128397,0.023903988,0.50868076
1,-0.200865,-0.415615,0.622735,-0.071875,1.1867112,0.034063816,0.7703625
1,-0.17755,0.094775,0.009325,-0.122045,1.0738051,0.03479792,0.38956723
0,0.050675,0.422755,-0.0836,-0.104075,1.56836,0.07522627,2.326745
0,0.078505,0.395645,0.014509,-0.109765,1.6727378,0.12106128,2.9656851
0,0.194995,0.0867,0.080055,0.048383,1.6660162,0.13584298,3.0339227
0,0.19655,0.092705,-0.001171,0.06157,1.6027712,0.1049022,2.6272311
0,0.200635,0.507385,-0.19683,-0.20364,1.7504241,0.041482657,2.7399507
0,0.08726,0.24014,0.10439,0.031314,1.6464282,0.13991676,2.9922018
0,0.17719,0.061975,0.09985,0.107735,1.6388874,0.13454485,2.933331
0,0.134405,0.300975,-0.023321,-0.034634,1.64992,0.10789714,2.8066132
0,0.09296,0.16037,-0.007983,-0.013104,1.4981346,0.0900714,2.17865
0,0.1307,0.400405,-0.18629,-0.065345,1.5785782,0.038146865,2.1329029
0,0.050955,0.1165,0.24667,0.041465,1.6241212,0.15420769,3.0042226
0,0.034044,0.116295,0.245425,0.027499,1.5985045,0.14734016,2.874438
0,0.12243,-0.315875,0.39816,0.010301,1.5341501,0.10897852,2.4181867
0,0.17576,0.34112,-0.033689,-0.023449,1.7306763,0.1165767,3.1357543
0,0.19886,0.016761,0.11283,0.108125,1.6474881,0.13630861,2.9735625
0,-0.019908,0.298905,0.06956,-0.058105,1.505831,0.10185613,2.277607
0,0.06781,0.16068,0.217325,0.039331,1.6562113,0.15973905,3.1478577
0,0.044222,0.32953,0.027919,-0.022091,1.5853671,0.10966128,2.5971901
0,0.06632,0.05163,0.28283,-0.020669,1.6288893,0.15760437,3.0414464
0,0.161755,0.48235,-0.16037,-0.12974,1.7070254,0.058159743,2.6947088
0,0.197165,0.125085,0.076075,0.04515,1.694443,0.14147924,3.165703
0,0.100765,0.092395,0.156875,0.021422,1.6005573,0.13854066,2.827166
0,0.11298,-0.001656,0.236775,-0.01388,1.6166291,0.14888556,2.9458256
0,0.056575,0.39606,0.05465,-0.14222,1.6760032,0.13148783,3.0411425
0,0.21203,-0.12426,0.0804,0.035775,1.5330062,0.102063596,2.3716297
0,0.033009,0.51939,-0.070145,-0.195755,1.6267918,0.08400194,2.5802908
0,0.208785,0.513075,-0.19276,-0.21528,1.7699435,0.04484571,2.82731
0,0.21386,0.124775,0.024277,0.01806,1.6736627,0.12354812,2.9841807
0,0.21229,0.059905,0.033317,0.047348,1.6306399,0.11693163,2.7965417
0,0.233445,0.06549,0.00277,0.09545,1.6390128,0.10967541,2.7803583
0,0.139805,0.10605,0.091925,0.019159,1.6111244,0.12950282,2.8074815
0,0.173345,0.3435,-0.05284,-0.036574,1.7124745,0.106652714,3.0124218
0,0.22036,-0.003518,0.10208,0.056595,1.6540592,0.1336353,2.9794984
0,0.23963,0.085355,-0.002585,0.07463,1.6581861,0.11147253,2.8568776
0,0.135805,-0.21003,0.20957,0.008491,1.4701691,0.102909625,2.1623988
0,-0.09015,0.59409,0.10229,-0.26364,1.6536293,0.114554115,2.8603342
0,0.18511,0.34971,-0.092555,-0.006445,1.6998732,0.089094736,2.8611147
0,0.104555,0.047179,0.22756,0.0617,1.6330853,0.1537007,3.0316873
0,0.026428,0.048214,0.201215,-0.052415,1.4984804,0.12075067,2.3690674
0,0.328165,0.490935,-0.220565,-0.16129,1.9015985,0.032639854,3.2013307
0,0.146165,0.30232,-0.005584,-0.029333,1.6831696,0.118799955,2.987338
0,-0.000345,0.464655,-0.020622,-0.09819,1.5803912,0.09193373,2.4708605
0,0.05525,0.37216,0.02055,-0.15166,1.6268268,0.11447052,2.7683473
0,0.07951,0.11474,0.162015,0.009202,1.5910525,0.13747337,2.788145
0,0.23176,-0.150435,0.133865,0.0606,1.5879377,0.11635846,2.647273
0,0.095525,0.44355,-0.11693,-0.037802,1.6198927,0.06945846,2.4670377
0,-0.022531,-0.06839,0.35429,-0.020152,1.4724891,0.117596336,2.2609081
0,0.064995,0.12881,0.100535,-0.009484,1.5276783,0.11568284,2.4374535
0,0.133995,0.156745,0.017037,0.029245,1.5761623,0.10751761,2.5525537
0,0.172955,0.5556,-0.210195,-0.254655,1.7350695,0.03287403,2.6344488
0,0.150045,0.29063,-0.11153,-0.033277,1.5887375,0.06986377,2.3632119
0,0.188655,0.360365,-0.08407,-0.047371,1.7202704,0.095079,2.967638
0,-0.0024,-0.028039,0.386075,0.02265,1.5591062,0.13972537,2.6930103
0,0.019126,0.340605,0.09064,-0.030626,1.6114982,0.12612104,2.787898
0,0.162015,-0.18541,0.26402,0.020646,1.5733086,0.12711658,2.6637058
0,0.148475,0.28111,0.013781,-0.05778,1.6873126,0.1255383,3.043041
0,0.13603,0.454105,-0.165555,-0.048406,1.6443177,0.051225852,2.4379318
0,0.10465,0.415305,0.001142,-0.16362,1.7136427,0.12447198,3.1263225
0,0.11317,-0.22431,0.18279,-0.030626,1.4037635,0.08982711,1.8550756
0,0.2543,0.16399,-0.063505,0.055945,1.6857059,0.09654992,2.8587503
0,0.042787,0.000413,0.33021,-0.026552,1.5974398,0.15043898,2.8899183
0,0.044803,0.527355,-0.070875,-0.201635,1.649134,0.086817645,2.6739075
0,-0.001179,0.35871,0.039229,-0.037867,1.5514677,0.103747584,2.4450219
0,0.190985,0.449755,-0.21915,-0.201635,1.6741472,0.025961716,2.3838978
0,0.002265,0.33667,0.05354,-0.04666,1.5522709,0.107396714,2.4702718
0,0.016462,-0.22276,0.22859,-0.04944,1.3049029,0.078707494,1.4490976
0,0.1767,0.46807,-0.18158,-0.062305,1.6996199,0.047056496,2.6009479
0,-0.045859,0.49942,0.05902,-0.261315,1.6093812,0.10939834,2.6775231
0,0.121175,0.47666,-0.153945,-0.13873,1.6497749,0.056601804,2.4897158
0,0.008673,0.393475,0.013438,-0.189415,1.5694735,0.100836955,2.4885182
0,0.228395,0.159645,-0.105275,0.014827,1.6091042,0.07282624,2.4509919
0,0.142615,0.45048,-0.18805,-0.166855,1.6317213,0.039963186,2.3254716
0,0.131065,0.289595,0.003284,-0.078795,1.6595085,0.11761838,2.8992994
0,-0.07286,0.45607,0.087125,-0.256205,1.5622106,0.10446783,2.4861276
0,0.17885,0.12002,0.09454,0.036616,1.680146,0.14328335,3.1280384
0,0.043368,0.278215,0.083825,-0.008385,1.5938995,0.123789415,2.7134552
0,0.002599,0.352605,-0.102705,-0.15754,1.4300622,0.05550393,1.7331132
0,0.095785,0.30408,0.011853,-0.10058,1.6268475,0.11418774,2.7666738
0,0.0881,0.21841,0.10692,0.037715,1.6335573,0.13784395,2.9354904
0,0.10461,-0.3405,0.42318,-0.030108,1.5115765,0.101657234,2.2959883
0,0.24681,0.38023,-0.117145,-0.042651,1.7905165,0.08760786,3.1612887
0,0.19647,0.07056,0.09038,0.044891,1.6649605,0.13737279,3.039756
0,-0.012406,-0.008899,0.24534,0.007715,1.4377458,0.10943902,2.0920205
0,0.07678,0.45886,-0.11359,-0.036768,1.6071923,0.068978354,2.4207325
0,0.044436,0.267245,0.10225,-0.009678,1.6031046,0.12921022,2.778307
0,0.047813,0.12364,0.22289,0.010818,1.6044447,0.1471786,2.893714
0,-0.065,0.51339,-0.14765,-0.29319,1.414169,0.0374388,1.567443
0,0.012518,0.46631,-0.184365,-0.312715,1.4591062,0.03130647,1.6829782
0,0.19682,0.529425,-0.18625,-0.215665,1.7705313,0.048534065,2.852067
0,-0.057485,0.06477,0.38505,0.031314,1.5482304,0.1340422,2.6208384
0,0.098235,0.346915,0.028861,0.033189,1.6770911,0.12714249,3.0180523
0,-0.11621,0.57588,0.091155,-0.26875,1.592822,0.09860465,2.554432
0,0.15726,0.29125,-0.02572,-0.07472,1.6735387,0.11074224,2.9047678
0,-0.113115,0.605885,0.014423,-0.387905,1.5536311,0.08019236,2.3071108
0,0.094835,-0.125815,0.140465,-0.039871,1.4145643,0.09468903,1.9219255
0,0.19122,-0.155405,0.122685,0.026012,1.5161158,0.10426714,2.3275785
0,0.052,-0.346605,0.41444,-0.064955,1.4235992,0.08724644,1.9068522
0,0.197395,-0.188615,0.14415,0.000991,1.518662,0.10436956,2.3368998
0,0.141485,0.317425,-0.036773,-0.029333,1.6608524,0.105074786,2.8265142
0,0.174025,0.48504,-0.187705,-0.171895,1.7031844,0.043988004,2.5941856
0,0.24453,-0.16792,0.17101,0.054525,1.6252732,0.12577267,2.8327599
0,0.20486,0.023486,0.083355,0.045797,1.6357801,0.12823476,2.8838043
0,0.206865,0.024624,0.05465,0.09138,1.614792,0.11825907,2.7506442
0,0.188175,0.139055,0.03306,0.01709,1.6548715,0.12366423,2.9207668
0,0.075495,0.001965,0.31166,-0.015173,1.6297934,0.15817219,3.0480342
0,0.14871,0.448,-0.14512,-0.051895,1.6756432,0.06309351,2.618041
0,-0.087795,0.597295,0.15473,-0.24489,1.7046051,0.13244791,3.1446764
0,0.205975,0.54629,-0.194645,-0.20901,1.7891238,0.04464621,2.8915377
0,0.05838,0.45783,-0.104335,-0.040324,1.5878572,0.07001021,2.3611112
0,0.255645,-0.024936,0.031432,0.055945,1.6280534,0.110935874,2.750731
0,0.119625,0.4899,-0.151805,-0.14112,1.6592916,0.058163833,2.5318294
0,0.157785,0.14454,0.029847,0.039913,1.6123769,0.11621229,2.7297769
0,-0.032236,-0.23031,0.41735,-0.135495,1.3916459,0.09293652,1.8329004
0,0.16924,0.16337,0.045484,0.012564,1.6564627,0.1279678,2.9527426
0,0.007392,0.3973,0.05371,-0.167045,1.6051855,0.11545475,2.7005615
0,0.194845,0.370815,-0.091225,0.007004,1.730854,0.093269646,2.9925973
0,0.19681,0.50811,-0.191175,-0.20086,1.7503221,0.044675224,2.7592952
0,0.12098,0.323325,-0.037844,0.0114,1.6347711,0.10082348,2.7112813
0,0.088735,-0.32167,0.4075,-0.044914,1.4892628,0.10107173,2.2162251
0,0.072395,-0.24397,0.41714,-0.10543,1.5321498,0.119623944,2.4770236
0,-0.071085,0.58271,-0.002885,-0.355125,1.5819945,0.08685671,2.4450164
0,0.05142,0.48835,-0.068435,-0.089265,1.6315897,0.0865115,2.612144
0,0.046352,0.47159,-0.033132,-0.08364,1.6421533,0.099386044,2.7276084
0,-0.09961,0.58271,0.13271,-0.260535,1.6576778,0.11851875,2.8986056
0,-0.055965,0.536355,0.10469,-0.28252,1.6617943,0.124484226,2.949451
0,0.201645,0.011588,0.044541,0.059115,1.5887979,0.1113683,2.6194282
0,0.188835,0.48897,-0.195375,-0.176615,1.7208775,0.040833965,2.6351137
0,0.037421,0.36378,0.05752,-0.02694,1.6266931,0.12268985,2.8185902
0,0.08748,-0.008795,0.259135,0.06461,1.5937729,0.14547434,2.846781
0,0.17991,0.356535,-0.065175,0.010624,1.7210706,0.10297052,3.019046
0,0.20981,0.037247,0.041628,0.03765,1.6172669,0.11604651,2.7454426
0,0.106595,-0.102015,0.12787,-0.003083,1.4384853,0.09813805,2.024837
0,0.19707,-0.16451,0.15837,0.05433,1.5484843,0.11314254,2.4927907
0,0.05326,0.41841,-0.07002,-0.082545,1.5805366,0.08108038,2.4044108
0,0.269575,0.49973,-0.190405,-0.16821,1.849662,0.050772164,3.1359274
0,0.202025,0.025762,0.051395,0.0553,1.6058587,0.11622383,2.7076027
0,0.207645,-0.19679,0.143165,-0.000884,1.5264788,0.104326054,2.3633084
0,0.195605,0.148675,0.046426,0.030279,1.6843026,0.13252233,3.0758476
0,0.14868,0.43972,-0.181795,-0.06877,1.6378055,0.043357924,2.3671753
0,0.05736,0.179925,0.096935,-0.021703,1.5518177,0.11947569,2.543231
0,-0.103795,0.541115,0.132195,-0.24185,1.6200695,0.11259482,2.7337167
0,0.13473,0.33988,-0.020151,0.022456,1.6822354,0.11368988,2.9526296
0,0.05779,0.320015,0.07753,0.034805,1.6405585,0.13143027,2.9198225
0,0.250925,0.42989,-0.146875,-0.06405,1.808001,0.07365947,3.1349225
0,0.19322,0.185305,0.035202,0.017607,1.6986054,0.13274282,3.1260202
0,0.1702,0.436305,-0.149575,-0.028621,1.6940473,0.06268959,2.6783588
0,0.014981,0.35664,-0.015738,-0.05914,1.525868,0.088696666,2.2648182
0,0.05716,-0.187065,0.278885,-0.031789,1.4336467,0.103696086,2.0426073
0,0.144845,0.035384,0.1145,0.093315,1.5849589,0.12674984,2.7012038
0,0.19292,0.039213,0.055165,0.08504,1.6060411,0.11785724,2.7183006
0,0.147855,-0.22969,0.29534,0.028598,1.5467323,0.11942206,2.5255451
0,0.07289,-0.004243,0.208925,0.029568,1.5328772,0.12800618,2.5312097
0,0.190135,0.040765,0.105205,0.051225,1.6462988,0.13591036,2.9670472
0,0.18447,0.49435,-0.20394,-0.21832,1.7112287,0.03563356,2.5701067
0,0.08236,0.024107,0.237245,0.06125,1.5921516,0.14443442,2.8348336
0,0.16211,0.311325,0.006112,-0.07233,1.7229828,0.12930854,3.188031
0,0.19691,0.046455,0.039272,0.033835,1.6035225,0.11393641,2.6855206
0,0.100695,0.30708,0.018965,0.028469,1.6423018,0.118770316,2.8476822
0,0.18991,0.52115,-0.20801,-0.24864,1.7356246,0.0343284,2.645314
0,-0.006572,-0.088875,0.41658,0.017607,1.5338432,0.13122374,2.554353
0,-0.013901,0.409405,-0.15669,-0.12638,1.4022603,0.037165053,1.525113
0,0.127515,-0.24759,0.318645,-0.020798,1.5240793,0.11468018,2.4189863
0,0.20051,0.53284,-0.20694,-0.25323,1.7605832,0.036009617,2.7408624
0,0.089095,0.34588,-0.06372,-0.078795,1.5833693,0.08514052,2.439122
0,0.27094,0.507285,-0.2042,-0.184955,1.8453991,0.041648224,3.0651007
0,0.21532,0.41034,-0.13912,-0.07168,1.7486994,0.07259615,2.9259806
0,0.091865,0.30646,0.042014,0.027629,1.6489608,0.1258514,2.914086
0,0.102985,-0.049663,0.260595,-0.014656,1.5868088,0.14194706,2.801257
0,0.227295,0.40837,-0.12293,-0.073105,1.7784454,0.08356508,3.0951557
0,0.200235,0.022969,0.068105,0.080905,1.6155835,0.12150336,2.773357
0,0.123365,0.06963,0.085625,0.020711,1.5547297,0.11732591,2.539909
0,0.177495,0.430825,-0.16397,-0.060045,1.6880655,0.055318948,2.6124804
0,0.190115,-0.19348,0.2022,0.047672,1.5545354,0.11647902,2.5340219
0,0.21067,-0.1403,0.10058,0.033706,1.5364273,0.104715206,2.3996606
0,0.21094,0.34081,-0.06402,0.038038,1.7550516,0.10795934,3.1657877
0,0.12534,0.05794,0.196245,0.006293,1.6441364,0.15266603,3.0630207
0,0.23557,0.103775,-0.01351,0.061895,1.6567028,0.1086111,2.8341653
0,0.07442,0.18137,0.1654,0.024461,1.6364918,0.14828724,3.0099216
0,0.23027,-0.203825,0.137935,0.015991,1.5493397,0.10561718,2.4492915
0,0.18108,0.433305,-0.140365,-0.02235,1.7154293,0.06894835,2.7899363
0,0.175945,0.3166,-0.088955,-0.001014,1.6649777,0.086559385,2.726385
0,0.289115,0.27894,-0.120445,-0.002824,1.7728864,0.08300377,3.0727217
0,-0.018019,0.20579,0.155715,-0.0186,1.5130992,0.116718315,2.3940854
0,0.06353,0.40175,-0.009826,-0.10944,1.6347421,0.10725289,2.7508407
0,0.06819,-0.238795,0.42091,-0.09418,1.533206,0.12048018,2.4859095
0,0.104215,0.33129,0.024191,-0.11067,1.6699991,0.12486571,2.979805
0,-0.110765,0.598125,0.003927,-0.389265,1.5421699,0.077464245,2.2511687
0,0.078995,-0.23538,0.39593,-0.077435,1.5298235,0.11997629,2.4712577
0,0.050045,0.38923,-0.01411,-0.13304,1.6022325,0.10085473,2.6004272
0,0.17679,0.33543,-0.040929,0.023943,1.721666,0.112512074,3.0799325
0,0.134585,0.540805,-0.165,-0.21444,1.7075956,0.05525798,2.678756
0,0.29035,0.250485,-0.11192,0.021939,1.7607176,0.08550124,3.0465975
0,-0.048256,0.470555,0.086525,-0.243145,1.6080196,0.1149142,2.7068994
0,0.100255,-0.34319,0.4066,-0.012005,1.4889975,0.09750039,2.1932907
0,0.0581,0.51463,-0.064105,-0.20196,1.6646218,0.091894746,2.7580805
0,0.24136,0.153435,0.034302,0.040366,1.7434108,0.13877483,3.3161378
0,0.08016,-0.239315,0.425965,-0.106015,1.5544362,0.124681294,2.584277
0,0.028731,0.505525,-0.084585,-0.21961,1.5978045,0.07600834,2.432057
0,0.18909,-0.14423,0.11279,-0.007867,1.5128815,0.103323646,2.310721
0,0.231805,-0.133055,0.14179,0.059955,1.6078372,0.122516036,2.753167
0,0.13281,0.53522,-0.165425,-0.203835,1.7004898,0.0545718,2.6502728
0,0.10876,-0.040455,0.25511,-0.033988,1.5973034,0.14429604,2.8515618
0,0.024833,0.27635,0.088925,-0.023578,1.5701652,0.11948522,2.6059058
0,-0.062685,0.544015,0.09655,-0.216185,1.6508216,0.1197196,2.882614
0,0.16346,0.17092,0.010353,-0.003341,1.6235087,0.11319223,2.7491388
0,0.091025,0.33781,0.0005,0.019741,1.6354436,0.11201047,2.7825804
0,0.2026,-0.008278,0.022692,0.025624,1.5564837,0.100727074,2.4435093
0,0.208555,0.4361,-0.15112,-0.02985,1.7478817,0.06637484,2.884815
0,0.19961,-0.22338,0.18652,-0.005475,1.5323441,0.10761917,2.4036384
0,0.28136,0.504285,-0.214655,-0.19071,1.849175,0.034891337,3.0363088
0,0.0797,0.235275,0.06879,0.004094,1.6012119,0.1235811,2.7371256
0,-0.008368,0.38137,0.060305,-0.181205,1.5762156,0.111029714,2.574399
0,0.23007,0.28132,-0.106175,0.009655,1.7018026,0.08303965,2.83035
0,0.220345,0.54536,-0.228875,-0.221355,1.779662,0.023274818,2.7274227
0,0.114465,0.18665,0.03156,-0.019893,1.582887,0.112363935,2.605397
0,0.166985,-0.230725,0.199115,-0.011876,1.4906442,0.10244097,2.2293856
0,0.0871,-0.24045,0.41071,-0.103295,1.550453,0.123570435,2.5638309
0,0.006163,0.44924,-0.046755,-0.12166,1.555726,0.082475774,2.328345
0,0.046792,0.444275,-0.084155,-0.082995,1.5783863,0.07571035,2.3639486
0,0.11568,0.533255,-0.17644,-0.23836,1.6648227,0.046704482,2.4800217
0,0.20211,-0.21955,0.23733,0.05685,1.5825924,0.12128116,2.659395
0,0.0967,0,0.2408,-0.016984,1.5978558,0.14517713,2.8588817
0,0.086285,-0.223485,0.411095,-0.090365,1.5623053,0.12808272,2.6321135
0,0.133595,0.15323,0.018579,0.02931,1.5742834,0.10756883,2.546457
0,0.203565,0.520115,-0.20861,-0.23791,1.7540275,0.034788363,2.7109563
0,0.12006,0.081115,0.15156,0.03584,1.6153654,0.1405608,2.8901637
0,0.092665,0.30729,0.05088,-0.102005,1.6583742,0.12983552,2.9707866
0,0.2325,-0.241485,0.172765,-0.012587,1.5543807,0.10625353,2.4704204
0,0.027075,0.301595,0.084125,-0.023061,1.5881557,0.121664226,2.6807442
0,0.14385,-0.202995,0.181295,-0.016272,1.4626763,0.09981066,2.1177127
0,0.048394,0.359535,0.06399,-0.122825,1.6449168,0.12816304,2.9145434
0,0.2034,-0.146815,0.10996,0.025042,1.5291477,0.10475996,2.3750935
0,0.11859,0.37454,0.000799,-0.08707,1.7029452,0.123374656,3.083046
0,-0.092055,0.54153,0.13845,-0.154505,1.6427016,0.11981892,2.855515
0,0.028477,0.38147,0.07877,-0.161165,1.6453403,0.12993585,2.9269238
0,0.25107,0.40382,-0.152575,-0.085775,1.7837893,0.06846707,3.020265
0,0.151665,-0.12964,0.115915,0.01515,1.4725152,0.09957444,2.1498337
0,0.20276,0.020072,0.072815,0.032672,1.6211153,0.12328436,2.8032217
0,0.11145,0.481625,-0.155615,-0.13582,1.6380255,0.054832462,2.4387043
0,0.18761,-0.18489,0.199715,0.065255,1.5552099,0.11732385,2.541535
0,0.2308,0.50894,-0.210925,-0.221225,1.7829505,0.03465321,2.8088305
0,0.198595,0.051835,0.037987,0.050065,1.608872,0.114635214,2.708088
0,0.016222,0.50335,-0.05991,-0.20642,1.5993944,0.08345244,2.4833999
0,0.10808,-0.34402,0.407585,-0.004052,1.5005108,0.09909395,2.2424126
0,0.025974,-0.163165,0.154475,-0.049246,1.299366,0.07737312,1.4219707
0,0.19192,0.309255,-0.102195,-0.00166,1.6711142,0.08184218,2.718231
0,0.129085,0.48773,-0.158745,-0.149785,1.6653322,0.055567715,2.536431
0,0.10732,0.303975,-0.02889,-0.11151,1.608303,0.099837415,2.614869
0,0.019239,0.329945,-0.01668,-0.028233,1.51122,0.08710271,2.2049956
0,0.11582,-0.1314,0.157645,-0.004311,1.4554526,0.10231713,2.1085203
0,0.19416,0.320115,-0.1216,-0.049182,1.6657535,0.07312937,2.6461933
0,0.244255,0.079975,-1.5E-05,0.082005,1.6630446,0.11265844,2.8807733
0,0.17729,0.46859,-0.201755,-0.19782,1.6834778,0.03563605,2.4754145
0,0.19997,0.045214,0.058465,0.08446,1.6235435,0.12160936,2.8011765
0,0.214845,0.38085,-0.11937,-0.048082,1.7429607,0.08172557,2.9627078
0,0.216195,-0.244175,0.17178,-0.02888,1.5280025,0.10243731,2.3568583
0,0.25226,0.19482,-0.07152,0.043146,1.6989304,0.09572468,2.898792
0,-0.075275,0.003517,0.343405,-0.025324,1.4408522,0.108288094,2.0955226
0,0.26016,0.17558,-0.06269,0.050645,1.7035334,0.09920905,2.9359937
0,0.13341,0.5108,-0.17207,-0.200345,1.6773547,0.049950458,2.5428126
0,0.286135,0.29156,-0.120485,-0.012264,1.7779984,0.08367231,3.0942917
0,-0.08476,0.053285,0.44147,0.047478,1.5489068,0.13018599,2.5993607
0,0.2516,0.41013,-0.13128,-0.051705,1.8076229,0.08205931,3.1854444
0,-0.112635,0.576605,0.129495,-0.163685,1.6315532,0.1109593,2.7628193
0,-0.087995,0.596055,0.13378,-0.166205,1.6853387,0.12560962,3.0367444
0,0.172325,0.14754,0.051355,0.027305,1.6541235,0.12872763,2.9494467
0,0.09157,0.31836,-0.001814,0.002478,1.61968,0.10906173,2.7105947
0,0.270105,0.155195,-0.05768,0.078255,1.7069378,0.10088864,2.9579723
0,0.16225,0.3315,-0.031718,0.043469,1.7056899,0.11349368,3.0314646
0,0.023451,-0.031661,0.36924,0.018254,1.5791756,0.14536864,2.7963116
0,0.24632,0.2748,-0.12387,-0.025324,1.7051148,0.075296305,2.7938912
0,0.11252,0.178785,0.017637,0.01418,1.5622003,0.10567176,2.4935188
0,0.217175,0.166475,0.041799,0.032478,1.7247474,0.1385748,3.25121
0,0.17797,0.06539,0.06455,0.08278,1.6121548,0.122235164,2.7661695
0,0.199495,-0.13533,0.11973,0.043146,1.5405282,0.109001495,2.4400952
0,0.2719,0.473345,-0.247085,-0.19601,1.7844357,0.01161139,2.6717715
0,0.159435,-0.170715,0.13871,-0.01013,1.4726219,0.0992973,2.1484883
0,0.21842,0.48359,-0.19803,-0.158125,1.7572337,0.04121924,2.7615654
0,0.1054,0.339775,-0.00854,0.024525,1.6498582,0.11190997,2.8311548
0,0.2752,0.518355,-0.22065,-0.201055,1.8456552,0.030738361,2.9986796
0,0.10481,0.123845,0.096895,-0.002048,1.5782509,0.1246992,2.6656618
0,0.033096,0.48297,-0.01441,-0.08319,1.647681,0.10487952,2.7803588
0,0.16147,0.386955,-0.018908,-0.127025,1.7571026,0.12606226,3.2844508
0,0.142605,0.45855,-0.182305,-0.060235,1.642696,0.043277558,2.3833702
0,0.1933,-0.131915,0.09621,0.005323,1.5138849,0.10180099,2.3047533
0,0.11017,0.299735,0.026505,0.042499,1.6569667,0.123564914,2.9273047
0,0.235905,0.500765,-0.19743,-0.19291,1.7958223,0.043495156,2.9072983
0,0.26006,0.016347,0.008983,0.058985,1.6459748,0.10968228,2.80416
0,0.15467,-0.145885,0.11116,0.011142,1.4605953,0.096041225,2.08736
0,0.043408,0.512145,-0.07456,-0.20041,1.6325643,0.08380287,2.5987628
0,-0.08672,0.100875,0.38809,0.046766,1.5357044,0.12711968,2.53539
0,-0.09174,0.55167,0.159315,-0.24444,1.6687211,0.12721892,2.9899585
0,-0.07884,0.54215,0.12731,-0.14681,1.6526275,0.122486904,2.9058464
0,-0.039145,0.568015,-0.018822,-0.352475,1.603333,0.08978187,2.535883
0,-0.13957,0.08867,0.33878,-0.019958,1.407862,0.09265497,1.8865055
0,-0.008054,-0.32312,0.417865,-0.07608,1.3575106,0.07978139,1.63526
0,-0.09729,0.561085,0.095395,-0.172025,1.6126909,0.1065227,2.6710808
0,0.21699,-0.26518,0.194015,-0.035216,1.5325866,0.1027161,2.3742225
0,0.17313,-0.22245,0.177135,0.007715,1.4867625,0.1005216,2.204299
0,0.038723,0.45276,-0.120445,-0.06942,1.5418321,0.05967967,2.140316
0,0.17915,-0.189855,0.171955,-0.006251,1.5153755,0.10750583,2.345029
0,0.032108,0.156435,0.214665,0.032348,1.5992502,0.14462404,2.860229
0,0.249615,0.393265,-0.117575,-0.035992,1.8039465,0.08883122,3.2146683
0,0.09497,0.048731,0.211325,0.040689,1.6064348,0.1458148,2.8920934
0,0.17156,0.313185,-0.097565,-0.018083,1.6486796,0.08134837,2.6386209
0,0.15316,-0.166575,0.256525,0.041335,1.5681753,0.12776428,2.6501822
0,0.194525,-0.107605,0.13151,0.055235,1.5642581,0.11691128,2.5698695
0,0.128025,0.463415,-0.179565,-0.0678,1.627669,0.04358964,2.334011
0,0.078455,0.317325,-0.00914,-0.120495,1.593678,0.10277825,2.5830972
0,0.06373,0.44086,-0.076615,-0.089785,1.6067562,0.08198064,2.4994454
0,0.040178,0.142365,0.217195,0.030085,1.6025395,0.14597026,2.8797586
0,0.08203,0.17744,0.06982,-0.018212,1.5621777,0.11683054,2.5622716
0,0.037154,0.5585,-0.06912,-0.20364,1.6629219,0.08811759,2.728981
0,0.010542,0.471795,-0.004727,-0.09295,1.6151314,0.101586394,2.648961
0,0.000356,0.418305,0.025391,-0.190775,1.5863584,0.10510966,2.5724978
0,0.002025,0.42617,0.072305,-0.19653,1.6350712,0.12358153,2.8526826
0,0.013726,0.46093,-0.164315,-0.24224,1.4740967,0.039105266,1.7822422
0,0.15544,0.15561,0.040429,0.02168,1.6263964,0.1214315,2.809816
0,0.198315,0.50842,-0.205655,-0.23028,1.7402492,0.03593691,2.6710186
0,0.08213,0.150745,0.011425,-0.00735,1.492033,0.093461975,2.1787403
0,-0.06288,0.07946,0.35039,0.021228,1.5215809,0.12699273,2.4864068
0,0.109405,0.13678,0.06639,-0.00916,1.5682764,0.11715175,2.5850663
0,0.209635,-0.16337,0.129195,0.010883,1.5423234,0.107977234,2.439904
0,0.11464,0.45193,-0.162085,-0.064955,1.6148291,0.0506058,2.3334684
0,0.19481,-0.23952,0.16977,-0.026876,1.4989113,0.09915593,2.2373362
0,0.10763,-0.308325,0.404155,-0.017178,1.5236198,0.10869279,2.3804865
0,0.23716,0.10543,0.00684,0.082715,1.6777673,0.1179876,2.96389
0,0.139155,0.54898,-0.17785,-0.220195,1.7092336,0.04888226,2.6450193
0,-0.003101,0.309875,0.05495,-0.05655,1.5256937,0.103463314,2.3553073
0,0.1497,0.360055,-0.060765,0.016055,1.683933,0.09960871,2.8715672
0,0.20474,-0.14837,0.118445,0.037715,1.5372272,0.10708523,2.4170096
0,0.17388,0.44055,-0.15943,-0.046143,1.6940411,0.05792623,2.648956
0,0.27955,0.523215,-0.219195,-0.216895,1.8568196,0.032111898,3.045254
0,0.11263,0.49818,-0.158745,-0.14972,1.6494199,0.054144233,2.4733455
0,0.048287,0.41965,-0.06805,-0.073295,1.5759894,0.08098835,2.3883243
0,0.210135,0.011381,0.048054,0.048641,1.6039149,0.1143282,2.6892762
0,0.112585,-0.25711,0.21458,-0.062435,1.4057624,0.08930541,1.8586793
0,0.046806,0.432065,-0.081755,-0.065215,1.5713366,0.07589482,2.3410275
0,0.096605,0.302115,0.01301,-0.10265,1.6275564,0.11464868,2.7719364
0,0.07138,0.419235,-0.104975,-0.098385,1.577172,0.06951674,2.321601
0,0.216825,-0.1792,0.18442,0.037456,1.5884268,0.12094893,2.6772573
0,0.059055,0.419235,-0.102835,-0.045173,1.5612398,0.06840006,2.26034
0,0.038562,0.45431,-0.061405,-0.07498,1.593627,0.08425173,2.468647
0,0.061235,0.438895,-0.110675,-0.040324,1.5723422,0.066585004,2.287034
0,0.14025,0.028866,0.06712,0.060665,1.5326328,0.10888182,2.412412
0,0.12664,0.3764,-0.020965,-0.13239,1.6971965,0.11538435,3.0141404
0,0.186605,-0.1942,0.167885,-0.000302,1.5193694,0.10705666,2.3558886
0,-0.052005,0.469935,0.042999,-0.26668,1.564648,0.09936218,2.4629533
0,0.1942,0.501385,-0.19649,-0.204095,1.7369457,0.040999595,2.6909726
0,0.08494,0.14547,0.14522,0.005517,1.6074116,0.13883369,2.852366
0,0.166495,0.045627,0.07903,0.019676,1.5932901,0.12158237,2.6977618
0,0.12745,0.307495,-0.058025,-0.061855,1.6148685,0.09163838,2.5867023
0,0.06069,0.43993,-0.10836,-0.037091,1.5743253,0.06756118,2.2998233
0,0.189155,0.50263,-0.194345,-0.18683,1.7324493,0.04194967,2.6814876
0,0.246245,0.034453,0.038672,0.060475,1.6651788,0.12190604,2.9450984
0,0.18122,0.073045,0.067505,0.09642,1.6251171,0.12534946,2.8296165
0,0.12415,0.330775,-0.039644,-0.045432,1.6433675,0.101433575,2.7443824
0,0.18879,0.358915,-0.075975,0.020064,1.7263542,0.09923678,3.0140471
0,-0.008341,0.29487,0.02492,-0.035022,1.4810339,0.09093661,2.1256258
0,0.037027,0.018313,0.10996,0.024202,1.4127678,0.09574873,1.922331
0,0.176255,0.036005,0.08464,0.032219,1.6049995,0.124244854,2.7541466
0,0.34124,0.260935,-0.127125,0.027305,1.8288357,0.08399113,3.269755
0,0.236425,0.105325,-0.014153,0.078125,1.6585418,0.10870243,2.8410048
0,0.065245,-0.007761,0.324555,-0.037673,1.6188413,0.15561415,2.9948785
0,0.100825,-0.012623,0.258535,0.053815,1.6096383,0.14887586,2.9219077
0,0.184705,-0.19741,0.213125,0.057885,1.5532042,0.11708078,2.5331907
0,0.05794,0.446655,-0.104035,-0.05636,1.5791181,0.069383375,2.32742
0,-0.03528,0.436205,0.111075,-0.229825,1.6221797,0.12440739,2.8137813
0,0.102105,0.06218,0.210855,0.045215,1.6263855,0.15069479,2.9902813
0,0.12113,-0.22876,0.29735,0.010754,1.510615,0.113674305,2.3668313
0,0.13648,0.143505,0.025562,0.025495,1.5771829,0.10959807,2.5688694
0,0.20148,0.13378,0.040343,0.03584,1.676388,0.12898564,3.0270216
0,-0.08081,0.040454,0.40814,0.030409,1.5162854,0.12369385,2.4479861
0,0.110615,-0.291975,0.388435,-0.042651,1.526617,0.11141815,2.4075263
0,-0.111305,0.62699,0.14719,-0.17629,1.6864235,0.1212319,3.013444
0,0.067095,-0.221105,0.4045,-0.086745,1.5307269,0.12190065,2.4862108
0,0.173235,-0.19586,0.19873,0.01806,1.5254188,0.11147505,2.4037876
0,0.240385,0.111635,-0.013167,0.07767,1.669825,0.11073832,2.8920693
0,0.26378,0.006932,0.006069,0.057175,1.6417837,0.10771426,2.7777176
0,0.121435,0.469105,-0.162385,-0.072715,1.6372243,0.051962703,2.4182684
0,0.17578,0.509455,-0.213795,-0.2489,1.7015088,0.029707795,2.5003834
0,-0.098335,0.59026,-0.020236,-0.393595,1.5333936,0.0736634,2.1977725
0,0.287015,-0.022142,0.019008,0.068815,1.6646848,0.11223147,2.883737
0,-0.010831,0.401645,0.09424,-0.194265,1.6170739,0.12406522,2.7942452
0,0.252145,-0.026487,0.02522,0.0553,1.6164926,0.10772787,2.691489
0,-0.005324,-0.038386,0.387875,0.03209,1.5486963,0.13676436,2.6392193
0,0.183335,0.2151,0.027962,0.016896,1.7004083,0.13152201,3.1246426
0,0.05091,0.45545,-0.031032,-0.085645,1.6384577,0.10002503,2.7189376
0,-0.214295,0.42617,0.15696,-0.04582,1.3960124,0.060186613,1.645793
0,-0.104485,0.541325,0.118015,-0.17099,1.6070144,0.10828489,2.6625779
0,0.24139,0.38799,-0.122455,-0.06108,1.7839317,0.084290005,3.118351
0,0.19423,-0.15168,0.12667,0.010107,1.5266781,0.10666434,2.3784118
0,0.20481,0.509455,-0.196615,-0.209135,1.7581801,0.042001743,2.7696223
0,0.16795,0.49011,-0.191045,-0.185665,1.6953392,0.041763853,2.5536926
0,0.167885,-0.21531,0.301205,0.009137,1.5914359,0.1294405,2.7399049
0,-0.016865,-0.032488,0.383295,0.036163,1.5325189,0.13247508,2.557552
0,0.156095,-0.15685,0.096295,-0.018729,1.4416373,0.09062956,1.98928
0,0.189675,0.399265,-0.127385,-0.0936,1.7135342,0.07504883,2.821098
0,0.228455,-0.22276,0.158845,0.000215,1.5505668,0.10643552,2.4585273
0,0.119845,0.011795,0.242385,0.07185,1.6414301,0.15576598,3.072906
0,0.09332,0.388815,-0.011925,-0.14817,1.6662192,0.11263979,2.8914928
0,0.105295,0.38023,-0.023878,-0.092305,1.6667675,0.109311916,2.8728366
0,-0.137095,0.57019,0.12697,-0.278965,1.5892987,0.09848501,2.54167
0,-0.01031,0.461035,-0.18522,-0.340515,1.4214975,0.028899988,1.5397842
0,0.038903,0.33212,-0.057125,-0.052865,1.5063628,0.07689899,2.1254804
0,0.136825,-0.251625,0.33304,-0.028945,1.5468894,0.118697144,2.5216098
0,0.228225,-0.181375,0.14342,0.013857,1.5679169,0.11162134,2.5497265
0,0.2182,-0.155195,0.118785,0.039266,1.5518255,0.10838445,2.4748445
0,0.21378,-0.13264,0.106875,0.047219,1.5520691,0.10860665,2.4770463
0,0.17644,0.035798,0.097535,0.096875,1.6162212,0.12884451,2.8208153
0,0.09679,0.40827,-0.001171,-0.11293,1.6950488,0.120491326,3.0383117
0,0.125445,0.34205,-0.001471,0.022456,1.6865617,0.12030726,3.0082119
0,-0.06264,0.51018,0.108935,-0.28019,1.6362358,0.12044833,2.837331
0,0.08874,-0.038489,0.27927,0.065195,1.5907156,0.14488612,2.832719
0,0.20466,0.27066,-0.091095,0.011788,1.6701689,0.08603264,2.7408526
0,0.01646,-0.22276,0.22859,-0.04944,1.3049,0.078707054,1.4490852
0,0.26793,0.187785,-0.086725,0.053945,1.703166,0.08974073,2.8763366
0,0.21293,0.56481,-0.204715,-0.217285,1.8043387,0.039248046,2.9101658
0,-0.01814,0.414475,-0.096065,-0.16666,1.4521732,0.05763868,1.821741
0,-0.124765,0.55736,0.096765,-0.17319,1.5714568,0.095114686,2.4599905
0,0.24184,0.50066,-0.216195,-0.21638,1.7881365,0.031603534,2.807718
0,-0.014755,0.452445,-0.026363,-0.103945,1.545524,0.08517902,2.3102021
0,0.06308,0.221515,-0.066675,-0.087585,1.4502312,0.0694503,1.8879702
0,0.180905,-0.18727,0.141365,-0.035604,1.4934858,0.10081768,2.2290702
0,-0.069655,0.07832,0.37691,0.039202,1.5338051,0.12917653,2.5415955
0,0.16016,0.28794,-0.037673,-0.030626,1.6649457,0.10543566,2.8427098
0,0.037868,0.15147,0.14582,-0.003406,1.5445275,0.124954484,2.552146
0,-0.005998,0.343705,0.045998,-0.03347,1.5391201,0.10310618,2.398926
0,0.06617,0.16482,0.01181,-0.005992,1.4798791,0.09166422,2.126173
0,0.18899,-0.165545,0.132455,0.003318,1.5137286,0.10443634,2.3204753
0,0.17956,0.150645,0.036444,0.028211,1.6540352,0.12480059,2.9249225
0,0.078365,0.39637,-0.002842,-0.10847,1.6581295,0.11356644,2.8695998
0,0.121955,0.322085,-0.040372,-0.03457,1.6330713,0.099781044,2.6990504
0,0.18785,-0.27118,0.191275,-0.06263,1.4837075,0.09550142,2.1629074
0,0.012418,0.382195,0.049425,-0.043686,1.5974386,0.113885075,2.6644409
0,-0.088905,0.04273,0.356515,0.001379,1.4618349,0.11113599,2.1846986
0,0.181385,0.049145,0.034431,0.031702,1.5789735,0.10934769,2.5734363
0,0.09057,0.380335,-0.04894,-0.12334,1.6240158,0.094774365,2.6372633
0,0.07403,0.381885,-0.13938,-0.051705,1.5234002,0.05299765,2.0361958
0,0.175635,0.145365,0.052895,0.020387,1.6585965,0.1298335,2.9715333
0,0.21115,0.056595,0.036101,0.048059,1.6289172,0.11726618,2.792726
0,0.256065,0.427825,-0.169585,-0.07737,1.7943029,0.05981013,3.0027478
0,-0.11715,0.64758,0.166425,-0.29713,1.7099748,0.1257563,3.1217265
0,0.14042,0.565225,-0.16697,-0.22097,1.7325891,0.055899817,2.7680125
0,-0.019107,0.419545,0.10812,-0.187025,1.630492,0.12780732,2.8631206
0,0.14336,0.50004,-0.160245,-0.155475,1.6938409,0.056993365,2.6425183
0,0.11976,0.475415,-0.158915,-0.15043,1.6425203,0.053833593,2.4478827
0,0.20771,0.36378,-0.12383,-0.060495,1.7160528,0.07696549,2.8415155
0,0.19248,0.489695,-0.20754,-0.22291,1.7161962,0.033874873,2.5762115
0,0.156885,-0.20548,0.228505,0.049482,1.5202913,0.11270687,2.393887
0,0.203575,0.38199,-0.10412,-0.05849,1.7406983,0.08862356,2.9975355
0,0.18676,0.479555,-0.19516,-0.167435,1.7110239,0.040477972,2.5992897
0,-0.119915,0.6303,0.14732,-0.28944,1.6765946,0.117228255,2.9552045
0,0.232495,0.38168,-0.097135,-0.018729,1.7881951,0.09727337,3.2129855
0,0.198855,0.557565,-0.19636,-0.21722,1.785815,0.04338398,2.8724597
0,0.16359,0.089185,0.105805,0.030667,1.6447663,0.13806103,2.975083
0,0.01978,0.34433,0.05294,-0.033794,1.5827479,0.113332525,2.6108966
0,0.25888,0.41158,-0.162555,-0.07847,1.7922624,0.06360738,3.0192063
0,0.016115,-0.044904,0.404415,0.034611,1.58899,0.14740995,2.8423972
0,0.1741,-0.20817,0.17504,-0.003923,1.4970434,0.103299364,2.256519
0,0.138295,0.033108,0.20747,-0.014203,1.6539086,0.15528774,3.1125426
0,0.28042,0.515045,-0.240015,-0.21767,1.8340223,0.0171981,2.87546
0,0.15336,-0.220585,0.19119,-0.040841,1.4717537,0.10021728,2.1512
0,0.15948,0.28763,-0.009269,-0.015044,1.688205,0.118454896,3.0023944
0,0.208025,0.56098,-0.18068,-0.204095,1.8151058,0.054433372,3.0405784
0,0.304595,0.148365,-0.066335,0.072755,1.7441139,0.10119508,3.0867362
0,0.09738,-0.23869,0.42635,-0.09334,1.5800717,0.12990092,2.7039614
0,0.25651,0.433515,-0.144565,-0.07543,1.8207592,0.07604972,3.1932068
0,0.206745,0.305945,-0.12147,-0.009807,1.6734123,0.07383045,2.6766558
0,-0.006312,0.51608,-0.185605,-0.305925,1.468126,0.030488746,1.708717
0,0.1872,0.03973,0.047926,0.050385,1.5919414,0.11405874,2.6467514
0,0.24926,0.41758,-0.127125,-0.064115,1.8134031,0.08486595,3.222483
0,0.191,0.546395,-0.20056,-0.25142,1.7625082,0.039762303,2.7705793
0,-0.039345,0.478315,-0.189335,-0.37517,1.3890072,0.025445761,1.4075956
0,0.12004,0.467965,-0.167825,-0.16763,1.6296722,0.048995987,2.3741953
0,0.043802,0.340705,0.042099,-0.008578,1.6053414,0.11612134,2.7052054
0,0.19583,0.512455,-0.20463,-0.223295,1.7405679,0.03652257,2.6757185
0,0.081745,0.1643,0.143765,0.004353,1.6156416,0.14042923,2.8902946
0,0.041646,0.37702,0.032503,-0.046272,1.6211414,0.11581885,2.7572613
0,-0.095885,0.58447,0.12727,-0.163815,1.6596804,0.11878349,2.9070728
0,0.20827,-0.172475,0.18215,0.054395,1.5791651,0.12009218,2.6403646
0,0.094965,0.383125,0.007697,-0.15554,1.6812391,0.12120216,2.995567
0,0.136065,0.3525,-0.029404,0.020905,1.6856332,0.111026965,2.9478
0,-0.09292,0.3943,-0.083215,-0.09192,1.340292,0.047268502,1.3759494
0,0.192085,0.501075,-0.213495,-0.245795,1.7190124,0.030591816,2.565572
0,0.19631,0.301495,-0.10078,-0.003277,1.6728576,0.08257557,2.7287047
0,0.208325,-0.022245,0.011724,0.013922,1.5448388,0.09586824,2.3737972
0,-0.116805,0.59802,0.154175,-0.272175,1.6628287,0.11782097,2.9118803
0,0.128175,0.338845,-0.03099,0.019288,1.6626682,0.10707205,2.8450308
0,0.20223,0.558705,-0.21791,-0.237005,1.7729691,0.029832682,2.7450318
0,0.201075,-0.10957,0.12324,0.057045,1.5651091,0.11544843,2.5637507
0,0.20868,0.16668,-0.07122,0.030215,1.6152748,0.08612678,2.554092
0,0.1973,0.34257,-0.077215,-0.02791,1.7253276,0.09857203,3.006443
0,0.22341,0.114535,0.047883,0.041529,1.7001113,0.13419868,3.1401393
0,0.05715,0.041696,0.27276,-0.028492,1.5995533,0.14928275,2.8899999
0,0.021695,0.276975,0.10165,-0.020216,1.5770705,0.12283861,2.6501567
0,0.132315,-0.24076,0.317745,0.00015,1.5353382,0.11743991,2.4744332
0,0.00587,0.313805,-0.077475,-0.12373,1.4274805,0.06234814,1.7665192
0,0.2631,0.19917,-0.07786,0.050515,1.7123578,0.09470112,2.9383032
0,0.141305,0.470035,-0.16517,-0.052545,1.664179,0.052705906,2.514843
0,0.17321,0.53439,-0.170355,-0.20545,1.7538893,0.056132723,2.8421419
0,0.17931,-0.154785,0.140465,0.012241,1.5147208,0.106791034,2.3383856
0,0.043101,0.134815,0.21454,0.02737,1.5988178,0.14491835,2.8605688
0,0.06877,0.443965,-0.09568,-0.026876,1.5999231,0.07475089,2.431531
0,-0.11705,0.61892,0.035202,-0.37918,1.5756131,0.08560521,2.4155183
0,0.072535,0.439515,-0.11162,-0.03263,1.5882897,0.06802192,2.350323
0,0.141045,0.36554,-0.040929,-0.09392,1.692645,0.10799251,2.9530122
0,0.18351,0.14971,0.042571,0.015344,1.6643113,0.12814625,2.980629
0,-0.056955,0.090635,0.34572,0.035064,1.534466,0.13048083,2.5518963
0,-0.132395,0.50687,-0.06655,-0.273535,1.38196,0.04830511,1.5245471
0,0.02853,-0.00124,0.062105,-0.028105,1.3446496,0.079423375,1.58916
0,0.19646,-0.14578,0.110645,0.015409,1.520503,0.103838496,2.3399072
0,0.11533,0.17682,0.028776,0.020969,1.5743797,0.11026065,2.5633898
0,0.053035,0.12271,0.12594,-0.008514,1.5277514,0.11929325,2.459973
0,0.15432,-0.129225,0.111545,0.015474,1.4728901,0.09902221,2.147707
0,0.126655,0.145675,-0.0411,-0.006122,1.5072025,0.08291189,2.165435
0,0.180385,0.34288,-0.05811,0.014116,1.7176237,0.10532482,3.0218043
0,0.21817,0.023176,0.071405,0.10101,1.644449,0.12673095,2.9041135
0,0.173335,-0.20362,0.21441,0.07709,1.533265,0.11345676,2.4427888
0,0.118645,0.52363,-0.150435,-0.160065,1.684301,0.06043124,2.6311667
0,0.258655,0.19803,-0.09915,0.020387,1.6867508,0.08317423,2.7798114
0,0.18291,0.28432,-0.085785,-0.011876,1.653597,0.08641948,2.6866825
0,0.17123,-0.007347,0.040171,0.014568,1.5269954,0.10095632,2.3442862
0,-0.069425,0.62513,0.034559,-0.377435,1.6483953,0.10321673,2.7725399
0,0.022063,0.147435,0.216125,0.035775,1.579285,0.13976774,2.7621374
0,0.025975,-0.163165,0.154475,-0.049245,1.2993674,0.07737332,1.4219768
0,0.0759,0.28473,0.004741,-0.001337,1.5775592,0.10423585,2.5370784
0,0.09786,-0.255765,0.430635,-0.071485,1.5716774,0.12588117,2.6505184
0,0.126835,0.12995,0.10469,0.010043,1.621302,0.13453434,2.8732512
0,0.20013,-0.179715,0.177865,0.013405,1.5583148,0.115567826,2.5412998
0,0.13324,0.5377,-0.16997,-0.208425,1.69905,0.052215174,2.6308231
0,0.06783,0.21179,0.106705,0.016055,1.5991827,0.1304614,2.77264
0,0.174925,0.158195,0.011339,-0.008255,1.6313708,0.11440566,2.7834551
0,0.09909,0.463105,-0.17605,-0.0936,1.588733,0.042650357,2.1953373
0,0.046485,-0.189855,0.232145,-0.014785,1.3758926,0.09178791,1.772053
0,0.24647,0.013864,0.010396,0.016831,1.6257335,0.107422195,2.7211404
0,0.178805,0.488765,-0.198975,-0.17319,1.7031564,0.03797713,2.5570133
0,0.038082,0.291045,0.059795,-0.032307,1.5751737,0.115213156,2.5966477
0,0.047113,0.292805,0.09381,-0.016272,1.6188222,0.13048552,2.839814
0,0.205985,-0.13978,0.103535,0.033706,1.5326054,0.104783714,2.3870404
0,0.010489,-0.023073,0.386335,0.045473,1.5816362,0.1460226,2.808743
0,0.016783,0.341845,0.034859,-0.027846,1.5609878,0.105756976,2.4899065
0,0.227985,-0.121055,0.132065,0.08084,1.6029294,0.121365614,2.7293215
0,0.167915,0.517835,-0.186505,-0.184955,1.7199488,0.045392122,2.6600597
0,0.16878,-0.204755,0.21835,0.05349,1.5292406,0.11313355,2.4270608
0,-0.019194,-0.052355,0.40257,0.024784,1.5308986,0.13136862,2.5451975
0,0.148595,0.341845,-0.01351,0.035646,1.709425,0.12033769,3.0864267
0,0.07739,0.45907,-0.08163,-0.086875,1.635765,0.083739854,2.609297
0,0.251485,-0.24852,0.175125,-0.011876,1.578531,0.10856123,2.5670748
0,0.097145,0.319805,0.004612,0.029051,1.6343386,0.11329797,2.7867513
0,0.12849,-0.22038,0.29928,0.0039,1.5291643,0.11794968,2.4565074
0,0.190585,0.507285,-0.202315,-0.228145,1.7311287,0.0374145,2.6490064
0,0.047366,-0.028557,0.359515,-0.033794,1.6076119,0.15297134,2.9402537
0,0.029418,0.538635,-0.06942,-0.21638,1.6366396,0.08486008,2.619192
0,0.000864,0.43465,0.069945,-0.19834,1.6377097,0.12324317,2.8596005
0,-0.047962,0.004552,0.31102,-0.07414,1.4531181,0.11280052,2.1652174
0,0.122635,0.148265,0.010011,-0.002824,1.5473783,0.10135567,2.4163117
0,0.040678,0.45783,-0.10746,-0.20907,1.5596335,0.06568238,2.2380946
0,0.01899,0.03549,0.03786,-0.02222,1.3374891,0.07551129,1.5405922
0,0.13303,0.158405,0.098095,0.009331,1.6458497,0.13849117,2.9814336
0,0.13052,0.400405,-0.011796,-0.08804,1.728657,0.123422876,3.1710916
0,0.1444,0.022348,0.229535,-0.012199,1.6736717,0.16212068,3.2221367
0,0.21239,0.38478,-0.13848,-0.053835,1.7258966,0.070902236,2.837711
0,0.201075,-0.13502,0.124785,0.018318,1.5473943,0.11081466,2.474712
0,-0.005892,-0.078945,0.4015,-0.001402,1.5292628,0.13069858,2.5354817
0,0.032148,0.35509,0.017465,-0.020669,1.5780746,0.10509052,2.5441089
0,0.20316,0.1792,0.036273,0.019741,1.7092956,0.13469821,3.1745648
0,0.032749,0.259075,0.053365,-0.021057,1.5380167,0.107749164,2.4237993
0,0.151645,0.11474,0.105675,0.017542,1.6465509,0.13924497,2.9884763
0,0.262115,0.55136,-0.21765,-0.205065,1.8540676,0.033045035,3.0416174
0,-0.07611,0.542045,0.139135,-0.20487,1.6666745,0.12743524,2.9843085
0,0.17283,0.47614,-0.20056,-0.17972,1.683725,0.03624585,2.4800196
0,0.162925,-0.22307,0.19012,-0.007544,1.4827676,0.10133299,2.19567
0,0.1983,0.196065,0.035287,0.016831,1.714058,0.13566743,3.1967962
0,0.19551,0.30325,-0.12267,-0.034117,1.6541574,0.071543984,2.5968394
0,0.1553,0.47707,-0.21268,-0.20015,1.6486955,0.028396707,2.312056
0,-0.06637,0.4749,0.12204,-0.263445,1.6157444,0.11944907,2.7612345
0,0.207125,-0.18396,0.191405,0.081485,1.5768924,0.11960933,2.62963
0,0.036126,-0.002691,0.283515,-0.067545,1.5452789,0.13567086,2.6208115
0,0.28728,0.50904,-0.239285,-0.21683,1.8400514,0.017817754,2.899858
0,0.140165,0.45431,-0.16834,-0.05112,1.6480355,0.050211858,2.444365
0,0.084245,0.437445,-0.063205,-0.06929,1.6453427,0.09189273,2.692273
0,-0.05902,0.575465,0.007783,-0.34097,1.6031651,0.09374507,2.5597558
0,0.21923,-0.24397,0.16831,-0.001466,1.5295435,0.10221201,2.3607278
0,0.222745,0.12488,0.051565,0.048447,1.7100663,0.13737138,3.1936836
0,0.188955,0.12881,0.06549,0.028275,1.6762699,0.13564873,3.0677183
0,0.23232,0.52663,-0.22926,-0.2103,1.7825848,0.023146756,2.7366076
0,0.051175,0.34505,-0.10031,-0.135625,1.496532,0.06357568,2.0097485
0,0.181445,0.040661,0.081385,0.038814,1.6131649,0.12509353,2.7872477
0,0.06557,0.22731,0.114675,0.011271,1.6144046,0.13483131,2.8515437