Concrete Compressive Strength,Cement,Blast Furnace Slag,Fly Ash,Water,Superplasticizer,Coarse Aggregate,Fine Aggregate,Age
132.2617,483.6516,302.21207,173.58438,129.2403,5.424614,869.0419,801.2382,89.699455
132.83423,515.13135,342.52844,106.41155,147.14392,10.050834,1022.7627,807.739,139.21025
133.21004,436.2691,290.38947,171.43985,138.67091,11.092347,846.33655,745.6896,139.57755
133.35962,509.87527,247.03545,99.86204,128.48073,12.974554,818.0839,802.5653,72.531715
133.38464,494.23895,280.34567,198.40785,145.96631,21.953232,986.0888,767.9519,188.06055
133.43979,463.26855,322.65512,154.94246,129.98041,17.761732,822.11383,836.6556,281.72513
133.60085,330.38855,353.92288,153.73213,123.68404,5.9391418,1132.0298,777.22327,100.13888
133.64017,410.3911,323.78207,148.84164,122.20989,20.933907,808.2825,876.8082,181.2674
133.81386,504.5328,301.64746,191.6559,134.05269,18.243288,1089.0526,842.7655,173.3496
133.90764,506.905,305.67383,109.70881,150.0471,12.088293,1127.1075,759.0743,295.81836
133.92667,405.028,319.96686,185.95001,137.6764,7.001264,1136.4791,855.87103,149.2176
134.06937,479.19702,318.45975,195.71432,148.61961,24.523256,1083.8428,794.6788,209.54199
134.19905,516.2217,300.15228,166.2545,150.36342,22.046375,1132.899,757.2069,203.56346
134.61357,490.6496,309.97433,182.70114,126.87836,30.124321,1125.2347,803.1864,117.00217
134.78096,488.49548,341.72263,179.80197,157.51053,11.94313,1098.392,832.0704,148.58124
134.82231,493.84436,334.70898,199.41821,132.5656,17.925661,856.37146,781.9424,41.028584
134.90456,458.09073,288.50696,198.65105,132.08098,20.10169,870.7844,772.5369,148.49985
134.96654,511.25073,303.15057,55.705963,146.28137,12.238358,832.07074,793.01263,99.995605
134.98087,528.01953,294.80176,179.27287,166.7749,10.958762,822.98773,804.2174,227.97418
134.99525,531.234,337.75653,179.48013,144.88753,23.133762,1043.4532,780.2359,359.84235
135.00607,532.03094,288.8424,137.91866,122.94407,31.879824,1028.7285,746.4353,107.28792
135.0789,519.9143,350.82968,176.82314,159.39685,28.160772,804.11505,815.3854,165.52238
135.12587,412.79483,329.42206,18.498524,134.02304,12.565376,1125.3839,793.5911,150.88997
135.14621,522.3641,312.09805,196.81177,139.27779,30.677412,995.9711,804.33936,97.5487
135.1647,507.85477,328.48215,147.28261,121.98915,7.6189613,1046.116,794.0895,130.54988
135.36429,523.0835,295.4933,186.6912,156.34999,31.518839,809.69556,781.1136,185.4706
135.42482,521.6736,331.22592,144.4647,142.45743,18.551174,1047.0869,800.0177,211.66971
135.4644,483.11975,325.81042,64.5219,125.474556,14.112354,820.7902,730.78253,50.81297
135.62636,459.3631,292.78,197.96324,134.20322,19.371895,1138.2904,770.15875,265.16357
135.68842,486.42645,235.48743,189.73544,134.3323,13.289713,1104.1256,747.9337,97.10818
135.73701,330.69846,306.2115,130.35248,136.15367,4.981767,1131.7709,790.4702,107.73397
135.7576,464.9377,330.1376,184.12212,150.01636,13.557427,1069.5518,751.45667,221.08266
135.75761,487.47583,301.71893,167.51723,152.56924,19.536821,808.63354,788.2346,33.462536
135.75948,483.0725,328.5492,192.47643,130.36894,15.894752,1014.804,821.8318,90.861534
135.77663,474.99225,306.39694,152.81985,143.52782,28.539555,810.2426,826.38586,86.5994
135.79323,493.14993,263.4198,193.21794,126.387115,11.303721,843.5468,859.9609,124.490425
135.82552,529.5557,350.96,135.48114,135.30463,19.232536,1137.3423,712.8912,158.00452
135.84953,379.5628,303.72955,110.69488,143.03435,11.062818,1132.7504,798.5307,75.09427
135.88585,442.55957,353.3927,188.81937,122.905396,9.703976,1091.9517,768.9661,241.82625
135.92148,368.9378,333.8826,166.59569,152.25153,9.49366,822.00354,797.08453,48.207817
135.95897,494.30008,295.21146,157.10425,151.84819,13.035792,1057.4594,748.53345,140.13054
136.16414,500.4694,300.3656,141.92592,128.98245,14.036369,869.76855,770.9353,60.917583
136.1702,479.26337,336.91885,104.59741,132.21913,32.107452,845.4664,771.2161,101.30214
136.18498,505.55682,340.33035,184.0723,151.83145,15.010084,802.87836,918.39075,90.635735
136.23679,462.1805,328.57974,196.25684,126.58976,12.335937,888.36005,761.997,123.05689
136.35449,489.9894,348.83743,191.10605,126.7266,16.203613,888.87286,840.0816,118.63021
136.38736,497.47342,251.67117,165.97784,126.051186,13.898495,1088.9576,760.06506,123.81222
136.39023,512.9625,356.71054,193.26611,156.15784,18.159052,1020.6902,774.21387,177.07544
136.43819,504.6466,304.99652,179.33092,159.77135,17.579218,1141.5044,784.7129,72.098145
136.44876,534.3617,352.8801,179.26839,137.37042,11.299209,897.5776,748.0918,265.5273
136.48505,487.89984,270.31845,187.47803,133.0489,9.283943,1098.0732,788.1351,66.128075
136.57263,436.2039,280.31116,120.82629,125.67615,11.163392,814.1814,817.48987,108.64662
136.59843,472.0913,317.1372,128.11292,142.32407,1.4946629,1130.9469,766.6249,255.205
136.6183,526.5714,354.1811,21.589544,124.9148,22.322735,1139.3733,811.2039,135.58896
136.66641,504.6958,328.58057,141.06177,161.16725,11.654283,1025.5991,761.0819,131.75293
136.66667,505.3593,297.74677,194.12769,138.01622,31.714354,827.9872,741.27826,224.35333
136.68506,501.64404,323.11957,13.226079,143.86595,14.425789,1126.1112,753.3857,195.40837
136.69893,385.46378,342.86862,169.29465,134.51195,21.575623,808.89716,823.9451,135.16042
136.72777,530.5846,320.07693,127.53874,140.07965,9.519453,1035.9244,799.90906,235.97032
136.74986,516.14154,334.44705,178.73009,142.02206,19.429298,1022.71765,811.00275,200.2251
136.75128,504.18155,332.1291,186.993,150.43326,27.255655,1128.5487,749.1986,70.76883
136.76025,467.84592,343.1239,99.987625,129.21481,18.96024,848.6123,747.4061,130.29846
136.77444,498.04123,339.3537,120.23258,138.07211,9.8590355,824.42786,800.20685,283.17935
136.78917,467.53345,352.86874,192.1128,149.54666,10.966167,1043.152,748.8859,219.29147
136.80902,529.3439,325.48044,170.025,130.00558,15.371362,985.44745,799.48395,182.57985
136.83972,480.53305,307.91782,190.3607,124.089294,7.298864,861.0842,811.8325,97.56761
136.85674,530.8503,329.04227,186.3083,126.253006,8.989862,1116.0093,844.37146,349.27124
136.87364,454.7401,335.3532,170.05858,139.7455,16.91207,1024.4265,764.5206,81.31826
136.87454,500.91165,276.0813,158.65424,126.14758,21.130886,1036.6013,790.67694,127.566025
136.90512,496.39252,298.78354,82.18319,143.78831,11.806438,856.1393,764.16,98.19772
136.9087,467.133,309.6435,85.55636,140.91582,11.676294,1118.0536,801.343,153.15552
136.91222,530.9163,301.26917,127.79349,122.34047,12.599284,1101.703,821.09576,57.15274
136.9227,435.71075,341.28494,105.45449,138.33838,8.938818,812.8625,767.21985,48.96915
136.9506,528.6529,293.8868,142.72227,134.9485,13.913864,1059.2607,790.10297,240.97458
137.01996,461.6341,178.47682,161.66309,122.12301,10.570674,1143.9153,759.7698,129.55656
137.0438,495.0647,346.0771,70.45654,131.58868,12.742791,825.378,789.9354,245.46107
137.05441,495.16855,338.61462,159.68962,142.38739,22.219257,1141.4753,747.6448,321.19928
137.0853,469.04025,305.92838,164.83136,144.44994,14.554252,1102.0258,749.3836,166.05595
137.12434,495.2792,295.7154,179.82503,146.4435,25.571692,831.2958,767.2408,179.32613
137.13853,457.13028,350.89267,34.62377,135.09052,10.348441,1121.5021,810.77167,164.61757
137.15157,536.1723,324.6032,183.08597,133.94608,12.740359,820.6498,865.8917,29.86216
137.21298,489.74692,330.68555,151.10039,125.967224,19.400389,1025.6998,803.9358,89.14179
137.25667,373.15576,349.62726,189.64294,143.38751,20.575117,831.25543,779.7465,107.697235
137.29196,531.603,334.36594,9.152382,137.05902,9.34426,1123.7737,717.27747,165.12202
137.29935,527.0977,282.78372,188.09282,137.74869,7.705385,812.4649,809.1992,312.8034
137.31808,518.1968,334.37088,171.04196,133.13934,20.176502,885.2892,776.23517,59.255722
137.34636,537.6756,241.93698,126.98542,153.40427,11.3060875,1136.7572,743.80884,76.115456
137.35194,527.7424,217.6713,161.02524,152.97585,7.1719894,821.5671,753.64307,184.76393
137.43733,523.7171,283.84106,121.97342,131.99437,5.84198,825.9366,790.73975,74.29019
137.44562,466.54126,316.5109,35.48519,148.71187,20.219965,803.36176,784.67114,147.29172
137.46457,483.4074,336.26904,186.6011,129.31754,14.304958,1135.6981,862.2125,209.48958
137.49763,489.00696,313.6289,129.60365,142.53888,17.151093,822.9863,770.39844,282.4305
137.57372,491.43884,279.798,187.64615,132.15439,11.39409,1078.2356,752.9278,222.57008
137.5812,497.64005,199.19807,197.81618,128.20886,26.082672,802.34076,762.4624,168.76988
137.5824,538.15137,298.26727,188.80692,148.28055,12.735944,830.5034,699.63934,57.707962
137.58575,525.4655,355.42404,184.39886,142.11119,7.158779,1074.206,745.408,274.41748
137.59387,508.56403,329.14398,143.77129,134.53252,31.549067,821.44556,847.1754,209.24696
137.59627,510.83093,270.03964,143.8172,134.9729,16.558853,805.18243,778.7779,242.7833
137.60849,487.16724,350.30295,176.38164,150.07115,9.579844,1113.2133,736.8832,300.46323
137.62178,519.9941,356.43622,135.13281,130.46896,31.606676,858.2154,798.7285,182.28352
137.65091,400.23538,348.55466,167.53102,141.20164,8.070422,1114.772,777.75885,55.796696
137.65833,516.61224,305.90503,178.24034,142.9386,13.328392,818.68677,713.4609,69.568886
137.68755,497.86615,357.23312,171.30373,130.17499,31.365217,1095.7115,804.75684,200.94077
137.71031,531.07733,279.26575,188.89192,131.61768,32.13024,1097.9406,790.09503,169.24828
137.74374,323.75705,331.6508,172.13908,161.62369,11.196687,807.0589,768.89764,105.912674
137.7554,510.78018,320.66168,150.22472,127.245346,15.956835,854.5712,830.25525,125.537476
137.78978,491.94193,338.92654,197.45802,146.30234,8.849597,848.05066,788.098,45.0804
137.80284,498.38806,177.47276,198.74179,134.41557,6.6256075,822.6555,855.9985,103.46467
137.80684,532.10016,275.28192,199.13698,152.57974,8.854845,853.43115,743.7798,154.93953
137.81319,518.73883,329.3039,145.4185,129.15257,10.548928,809.9411,753.1561,361.74728
137.84128,479.3303,273.88177,131.51585,131.47862,8.611363,832.63403,784.1582,95.89661
137.84477,470.91595,314.0588,13.263973,126.50117,7.9881854,802.9501,782.33136,113.77299
137.84998,532.23157,251.17007,156.244,123.59499,12.343549,1106.2579,745.55804,160.87512
137.88838,529.25714,330.89313,93.64636,132.40314,24.249752,804.14185,872.3972,185.9845
137.9146,500.61786,333.16544,146.25565,131.83383,27.438354,851.29004,791.35254,178.03403
137.94783,247.89256,342.02057,142.77214,141.80467,11.384636,1144.6577,790.3969,136.19997
137.97095,538.7981,340.96902,93.54129,124.51824,18.480196,1102.5293,765.6602,75.26439
138.02176,496.7053,322.55234,169.82368,145.73161,32.152534,852.993,782.796,116.13409
138.02278,514.59595,301.3589,113.67566,142.86378,13.055482,1125.9562,807.8422,136.24069
138.02911,415.75363,297.09576,173.26167,125.28346,10.455416,1140.4097,787.4684,359.2728
138.03094,452.83545,341.7219,196.63562,150.55815,15.036371,1144.2017,791.57306,341.77972
138.03342,535.92346,177.71355,199.27089,149.4838,10.6034355,815.15497,754.4215,195.07689
138.03693,485.4002,206.09015,177.5522,123.86636,9.577526,1134.9044,794.29694,102.08117
138.04442,531.3326,278.84082,179.04036,127.29074,26.667688,816.76855,826.5736,231.40555
138.04495,509.67664,319.25757,87.53174,140.89085,15.158558,829.9241,767.05914,54.145973
138.08311,454.90173,205.56938,153.51472,125.622894,12.956401,807.43506,787.8023,95.51077
138.15192,466.40494,333.4649,198.26627,148.6916,13.182644,1111.8225,805.7191,260.09738
138.20029,536.3663,353.40253,177.43086,153.71529,7.481459,841.178,781.7191,290.9387
138.22548,539.451,331.43835,67.98633,142.05042,27.269299,830.9872,791.3964,147.73708
138.23445,470.3943,224.39099,195.40211,145.26743,9.937688,803.44116,754.9029,163.04166
138.24911,475.69562,218.4579,167.34361,135.98238,15.227465,1128.6741,783.06604,105.58932
138.26666,487.5121,331.0152,194.81953,159.77492,20.557755,802.39813,833.2379,67.78452
138.27106,510.07498,285.24954,180.62311,133.48888,10.805557,1047.2177,781.00934,237.761
138.27493,530.721,329.94598,163.93236,148.50885,14.135555,1057.3838,762.0605,329.52994
138.32634,505.70465,350.0057,179.99205,133.05556,28.845808,977.5408,752.0328,122.43064
138.36563,415.9966,348.0049,145.58398,125.822815,5.486771,1136.9326,789.0869,96.05177
138.37051,480.20807,276.82288,196.9648,155.05135,12.076437,808.7592,800.5698,196.38618
138.38397,527.28046,345.17868,126.42732,161.81291,11.163179,1067.0547,763.3949,91.943054
138.41852,480.92136,349.3836,116.25988,134.9895,20.321543,871.142,756.5725,110.99324
138.41942,446.05893,338.15723,187.63138,137.45908,5.7358527,820.88336,818.6178,117.23907
138.42192,532.13617,316.2574,182.75333,141.87738,31.806513,1110.765,760.7371,77.210754
138.48903,512.08435,332.84464,181.4948,148.3002,3.918104,824.84033,803.78156,54.441467
138.49544,539.04236,324.49066,194.37878,153.86394,23.314127,836.42523,719.85205,122.32464
138.55441,508.441,348.1592,161.59933,139.66174,14.450132,1132.0183,872.3281,241.9604
138.62488,529.6568,343.2199,164.70325,157.63187,17.958689,1140.4165,799.8472,321.86334
138.62761,535.70013,292.69107,8.750855,123.972466,17.909616,1141.3213,740.92737,90.774025
138.71101,493.71448,350.16312,171.93843,135.7118,18.02476,807.73663,853.0663,284.07404
138.71416,532.5849,356.87766,166.67827,135.6857,10.916447,849.117,821.49854,260.45853
138.73112,524.48645,303.7518,28.055506,147.01726,20.886265,801.73474,748.78705,107.123
138.73193,499.9828,320.38657,192.65086,146.3606,14.335121,884.73035,763.58844,169.1523
138.75815,427.62695,313.89587,162.59514,129.96837,23.822544,808.9586,809.7772,56.600086
138.77045,462.56628,352.39157,117.809784,155.40138,17.988596,803.5223,814.1755,106.29211
138.7883,475.79468,315.41467,151.56906,141.8187,10.963369,1070.5841,747.62787,158.83414
138.78864,485.7438,281.2318,101.66449,134.03448,22.2069,809.17303,770.4619,179.5562
138.80756,365.7362,352.17206,175.89568,148.524,5.7418675,1137.6633,776.6728,189.99924
138.836,502.3072,315.9679,150.20097,130.36661,6.902463,806.1148,836.54395,233.91975
138.86977,516.5649,290.62094,128.38754,128.6476,25.748636,843.8655,749.43964,105.119606
138.88242,498.77594,252.72072,132.73749,133.75076,6.238991,1139.3977,778.98883,279.1649
138.90242,482.15405,352.6741,140.24037,144.62515,23.355478,1085.6798,788.5167,76.723915
139.00421,538.2905,329.88126,98.795074,125.102234,22.973701,835.45166,776.8531,207.69324
139.01285,523.6096,359.0049,193.55685,146.79044,11.707354,960.5219,785.031,277.4932
139.03157,531.3235,356.45212,169.83694,125.58664,7.119879,1103.542,750.4575,43.312485
139.03215,334.98203,348.56015,166.18394,137.1104,20.851463,820.7359,788.3733,151.84036
139.0716,529.8475,333.8721,174.78502,146.37541,24.848833,970.1617,784.0947,197.44174
139.09361,350.89584,355.00543,171.79642,143.26079,9.258292,1109.3667,796.31573,148.23788
139.09778,538.27997,301.4435,175.2572,160.51093,17.253286,802.9752,791.9219,291.7051
139.11554,512.334,304.77826,24.571394,128.26675,22.551685,805.52277,811.56116,105.49968
139.11665,522.3694,244.05,174.32219,148.95866,5.9307337,814.1285,807.419,99.998055
139.16023,428.8878,327.4522,187.00818,161.15742,8.843418,813.5954,796.76587,118.9576
139.19699,532.4236,303.8703,198.16476,141.22481,32.005947,1010.8807,737.18036,124.95007
139.2357,490.72668,288.7467,23.418102,123.19521,6.1424675,1140.0242,772.2951,69.38792
139.24278,539.07166,308.70407,192.31581,167.23822,13.559778,801.0696,779.9372,144.14261
139.24568,447.2323,346.8075,181.98402,138.84497,23.703695,818.9177,841.7963,101.213615
139.25768,490.05927,344.93213,189.94096,138.30743,4.962502,821.79565,759.7687,312.3068
139.28961,516.64874,288.1869,144.11703,129.05643,20.982155,1128.5658,783.9916,209.35713
139.31726,464.36072,353.83426,162.34227,161.51889,11.855349,832.84094,748.3111,127.29638
139.31927,456.396,286.80716,186.28012,143.3643,14.468584,808.08624,794.285,242.18437
139.32477,493.26733,358.57837,172.76022,150.05342,24.153608,1099.359,761.38965,77.104546
139.34485,520.83777,317.83,183.13371,140.00447,12.077461,1084.7288,739.66864,61.27778
139.36328,516.10626,319.7586,77.3536,122.70454,11.434536,1141.7561,846.7201,82.977196
139.37434,518.60785,355.86444,174.61592,140.12671,14.379355,808.19403,922.1728,132.61978
139.38148,520.9045,339.4596,44.525654,127.967415,30.055233,801.5341,798.874,174.38013
139.38919,413.28848,306.4029,174.5552,123.3647,10.306537,1134.0875,762.8252,213.0571
139.39711,526.9441,288.73785,193.37183,124.40911,10.355599,871.321,828.26825,132.29172
139.41711,488.20587,309.806,199.76999,128.55702,5.1023135,828.8291,728.77936,139.9416
139.41922,440.59897,333.26413,187.59634,136.32515,12.139592,801.8327,729.41864,198.08585
139.42094,532.25433,342.24924,119.11484,137.70505,25.49029,1135.6271,777.23627,197.61479
139.42293,511.59558,320.89127,133.8533,154.1817,3.425051,831.03485,745.2612,116.733055
139.44151,533.38074,310.1471,36.83251,137.92671,9.272273,1138.2458,730.1612,157.59885
139.44824,496.3568,326.99374,162.32088,127.873695,16.20327,1092.093,795.5464,193.31258
139.45331,486.6679,342.0055,191.54265,166.53038,8.180208,1136.8943,743.95685,169.4963
139.45335,519.01886,299.27542,182.28595,140.49194,7.5065637,1064.5707,789.5703,81.42884
139.48042,479.3593,319.4508,147.57559,127.98131,24.57995,840.2725,770.15936,190.98268
139.48183,406.87546,335.72916,176.36395,136.60086,17.740423,804.549,835.39575,89.13346
139.53299,444.80585,350.16193,52.855625,148.20378,8.389097,1143.4376,785.62115,283.32535
139.55202,520.54987,292.45285,178.75449,123.79861,25.479036,816.67334,872.9194,82.09138
139.56079,505.0552,356.3288,185.7982,161.74426,19.704824,1143.8088,773.7205,185.04262
139.5626,519.0225,303.88293,115.44605,148.51994,12.88018,803.56946,849.8291,80.260994
139.57957,512.3199,347.3401,149.17978,124.675964,17.335403,1136.4591,797.41925,330.9434
139.61908,478.15985,289.8242,194.55708,151.28836,24.994415,814.8536,743.8463,107.07919
139.6291,517.85706,312.09637,196.32684,142.71465,21.352716,858.6361,812.1964,128.9674
139.63866,535.63763,306.75244,67.19586,144.47015,11.712679,801.8246,826.4399,217.01338
139.67209,496.63034,293.69247,167.3129,127.7192,8.99236,823.4523,735.2322,82.71867
139.67915,479.8606,165.88551,188.45166,128.81065,10.904925,802.89624,776.77747,134.5605
139.68663,457.91666,344.49515,193.63757,134.27362,18.243982,1024.8206,774.0786,84.649086
139.68796,518.286,341.57336,199.5354,133.56865,7.439236,1057.3304,814.12836,144.92477
139.73763,513.8994,314.82892,193.10751,148.65703,5.825444,1058.2245,790.6609,127.64704
139.75127,525.22894,234.88219,156.72986,144.57553,2.809013,1140.8501,776.0857,188.29942
139.77643,528.9079,322.98343,98.24031,145.33292,10.40891,1065.6235,780.2454,131.40346
139.77681,506.9842,294.31323,167.66493,124.17831,6.916317,1129.4019,838.35394,203.21075
139.79628,536.59235,333.30237,164.33757,158.01566,7.19084,826.9611,855.9805,130.38611
139.8003,530.4822,301.3226,200.07338,127.61605,15.601938,1017.5555,758.6534,236.18788
139.82835,373.8971,352.64322,179.7549,130.79684,16.977606,808.32214,802.971,68.95122
139.83096,501.83673,285.07303,182.52208,126.51785,4.970016,1132.9543,798.9561,239.57732
139.84023,509.2414,352.287,108.126015,154.18597,13.197345,809.2953,808.7466,182.65161
139.84207,492.86096,349.72845,42.299812,151.59119,12.580446,803.7191,730.3499,130.56668
139.86261,530.0174,216.73402,155.77168,160.70065,10.372317,809.6849,782.4109,132.72366
139.86717,505.55594,357.5219,143.58682,141.78726,16.257524,1119.7118,821.9262,136.20396
139.86737,495.92038,347.1913,82.84448,166.34363,12.378673,802.4297,785.46564,87.20606
139.88715,380.52573,358.95206,154.18413,148.78276,22.13014,824.0559,796.3193,115.676384
139.88924,495.15732,353.90695,193.41269,144.2287,20.845331,1024.552,762.8763,258.11862
139.90546,465.27554,329.98203,184.85799,144.87631,22.915417,818.5209,816.3497,159.36412
139.90982,496.85574,331.82736,188.03957,123.532906,16.487637,907.13135,763.1613,115.83141
139.93933,510.7117,336.4766,114.296844,128.38512,9.551848,1134.5989,735.15717,166.51225
139.96097,465.33536,297.24536,163.27393,154.91766,10.46447,1139.4421,788.58167,229.64365
139.96431,473.44272,288.55112,131.55582,140.6566,11.509864,1054.1492,767.81964,128.83195
139.97156,421.07022,356.1247,133.52055,129.4137,12.098546,1121.9697,786.58435,43.36492
139.99771,513.51843,353.4759,92.334015,151.01169,15.993548,817.4925,788.7294,57.460842
139.99803,527.14606,343.84457,127.983696,135.805,25.105684,827.4329,687.4313,114.482994
140.00034,459.02798,302.06985,126.53962,137.34802,1.9665958,1143.4438,778.14703,97.88958
140.00322,445.8157,354.46494,114.82569,140.02107,11.614174,1072.4592,781.6849,69.80059
140.00473,533.4336,293.68088,121.76713,145.73985,19.279903,802.2428,707.7235,86.62057
140.01439,492.67752,285.7798,161.99661,143.56783,16.023245,824.25995,787.4527,217.7286
140.01978,465.41693,310.28116,166.23663,142.93938,4.163582,1124.7648,793.7173,70.75811
140.03517,483.98578,301.83563,134.77116,148.99898,8.971132,844.51825,779.439,103.442055
140.0637,524.4972,346.39862,157.31265,156.20361,17.323498,1141.3873,760.39386,63.210953
140.07948,536.11676,240.49333,194.39673,122.72218,5.3232517,808.5485,868.8901,135.74231
140.08571,507.21878,304.32333,7.7422047,122.43387,9.714271,1129.5785,834.741,106.800575
140.08734,486.11664,328.0387,174.15028,137.49452,24.854025,865.473,799.9421,116.11799
140.10901,490.41357,353.67526,178.77893,161.47826,11.229891,821.1089,855.62103,71.82178
140.11267,442.70642,323.26178,175.09393,154.9614,10.32948,1139.927,764.2985,238.53935
140.11938,531.39984,172.54796,191.69273,122.36027,10.477951,1120.7888,787.3231,115.701256
140.1198,468.01273,349.36038,119.90722,134.12164,8.674268,1127.9622,759.80383,360.65472
140.12254,536.26245,295.28442,150.93718,121.94049,23.204062,840.62866,801.0823,210.73103
140.13754,464.6224,344.61282,161.03877,129.91656,11.595199,822.8147,887.4359,164.89406
140.15636,474.849,355.29623,146.80812,154.65167,13.820985,1066.606,788.64056,116.86003
140.16023,535.6283,341.65863,89.95533,133.45622,16.316946,859.7559,778.2139,124.0729
140.16731,508.4552,291.45724,144.27374,151.72197,5.706944,1142.8082,733.459,215.3839
140.17238,486.58325,293.82742,50.02252,131.27518,10.963834,807.4725,767.358,169.30832
140.17868,515.2549,333.56622,186.5414,129.88007,6.1075563,807.034,814.9013,286.12997
140.17963,506.03168,326.2387,150.90424,143.29091,18.857634,1127.4983,746.97144,88.50736
140.18417,537.8004,338.01962,0.2815578,122.58176,11.460181,1116.3873,751.0155,353.5441
140.2101,529.5465,355.02078,126.31677,122.20834,21.637014,917.6847,780.5453,140.01178
140.21815,503.39136,358.5397,160.58167,126.16838,4.3988843,827.3045,812.0575,191.10011
140.22433,446.7791,300.80777,196.67464,146.97896,4.1563883,819.7125,764.7281,130.00517
140.27423,507.58542,320.9325,133.06473,135.42046,31.230072,825.33057,771.1176,53.00928
140.27715,516.503,308.80643,109.70431,150.5016,18.807522,827.6692,788.686,145.87515
140.3207,532.0022,261.08853,193.574,144.15697,13.0596075,1091.2935,813.27313,206.09889
140.34572,530.3607,303.26443,112.944214,137.90475,1.8284512,1138.6787,776.9846,163.51456
140.35143,529.677,301.81213,119.81953,133.78929,11.18966,1108.8436,731.5377,139.50586
140.35645,458.69763,356.1378,136.65414,128.45341,8.72041,825.14606,787.56494,227.8483
140.37303,469.1998,298.70102,180.86162,147.0711,7.6471677,836.28784,781.412,104.42558
140.38039,532.3841,338.6179,174.49394,138.41844,31.072044,828.6533,823.37695,244.63196
140.38158,395.7529,316.31592,81.86725,130.61482,21.453522,801.48627,772.07745,118.75962
140.38783,492.10696,302.29523,135.55441,126.05517,11.722694,1123.7484,835.4929,118.46912
140.39818,516.476,356.73407,181.00504,137.64944,14.919085,1054.4575,808.21704,55.756874
140.39948,520.2953,358.87964,78.051056,129.44026,23.184982,801.09503,767.61053,63.69255
140.39957,537.4447,305.6496,1.6447133,146.50548,4.7183013,1141.0105,869.72296,159.11147
140.40152,533.50653,335.94165,196.90889,130.36319,6.843073,1108.7104,751.23846,316.15256
140.40454,425.8747,340.3894,187.62271,126.15276,19.347685,853.3151,788.5926,142.14256
140.4208,478.22195,333.2957,131.75317,138.4365,14.086513,804.70624,873.5074,81.7302
140.42618,536.6354,325.25793,161.08095,131.02849,31.346266,1046.1782,757.0368,121.68466
140.42688,537.26685,345.14117,68.052795,137.29883,7.6669755,1129.4108,863.52563,125.380066
140.42746,489.1432,346.33194,165.44093,147.11995,17.458002,1055.8048,804.6383,138.8596
140.42772,534.6404,312.2628,16.060057,126.711365,11.956632,1125.5242,825.1337,153.74918
140.43555,529.8729,292.57077,101.58705,127.89314,4.6809983,802.285,827.8872,75.64907
140.43933,509.8955,335.65576,137.95871,159.4147,12.593578,835.86816,773.3806,104.87595
140.44022,519.4557,337.86072,121.68703,129.91931,24.384893,828.62726,761.43713,243.20088
140.44225,531.4928,253.70766,117.979935,135.52122,8.849169,1112.7264,767.17944,110.48792
140.44424,505.4104,304.08057,148.22826,126.435585,12.239243,823.2352,773.7562,34.69371
140.44843,459.91174,356.7024,25.189068,137.48085,20.456944,817.40295,756.0574,140.13954
140.45192,528.8959,348.65393,137.59967,153.09387,11.524908,1079.9447,734.8472,77.02878
140.47777,534.5218,343.0275,145.05905,142.71881,12.2115,806.38385,740.00806,341.38083
140.50139,537.3093,293.167,191.95348,140.83627,11.575951,825.0294,833.49164,255.95482
140.51051,416.1903,344.33072,178.73466,135.16353,17.013584,1141.8779,784.9192,49.0631
140.5207,524.026,358.6929,154.35513,125.56545,30.722275,1080.8406,800.46747,154.74713
140.57425,533.8931,331.76895,13.526682,130.89375,14.469011,1107.6746,805.3056,101.187805
140.57567,499.94138,286.71313,189.24042,144.31123,7.1151457,841.8246,757.5229,138.33304
140.57639,474.90207,356.41687,162.2216,122.77086,11.246193,1105.0352,815.5716,240.80829
140.58,530.363,327.7537,20.37872,132.94728,3.9280245,1141.106,826.8081,52.766354
140.58218,492.65765,330.3086,86.83015,137.58565,17.049763,806.52325,833.29755,94.944786
140.61586,511.59933,319.73492,121.78212,137.68633,16.83028,1135.7297,797.2552,190.68066
140.64383,408.56915,353.80478,170.94351,132.63763,19.743332,1143.6786,771.50995,302.1761
140.66847,497.39624,285.44162,194.86351,121.97653,11.72396,1103.9326,822.2254,165.10146
140.66933,481.46112,335.8075,127.09494,145.44687,14.232254,824.44415,793.226,227.64307
140.67763,349.1934,292.29242,163.72078,144.74905,7.9079137,801.0678,790.18304,106.278694
140.7018,528.3348,294.07748,190.35573,137.03502,15.360573,1098.3209,753.8093,58.25257
140.707,522.7781,303.18686,173.80121,142.801,19.718538,1066.8617,750.7091,163.79605
140.7106,502.68326,338.08655,148.91817,135.9594,17.216095,1084.5607,812.65656,116.100006
140.75572,464.93033,347.38553,40.510246,132.34328,14.06742,802.0207,763.16595,209.93005
140.78696,488.77292,304.39377,184.17308,147.19478,21.089832,1137.1926,769.9596,76.721756
140.80841,478.01437,318.62512,136.29399,123.893845,27.733435,831.8363,795.4767,132.90404
140.82579,429.91156,286.10892,121.78271,138.53955,10.086783,803.7502,781.77747,160.72273
140.83304,484.14127,346.20938,164.64807,128.1638,20.838274,889.7924,806.5433,126.44966
140.86493,469.56195,326.57568,15.248639,137.11115,18.370665,806.04004,768.41754,121.90801
140.88698,505.63956,354.54074,175.73245,140.72635,18.768303,869.9947,742.3505,132.8251
140.89964,525.36066,327.22534,80.79914,150.39578,4.3168197,1133.8448,782.86456,159.53867
140.90367,538.2241,341.49042,167.95561,149.16089,10.559809,925.5693,790.0263,76.23278
140.90419,444.33417,354.1588,193.53017,139.98872,22.82818,1092.6908,780.13336,132.09319
140.91885,443.46878,335.29257,173.40851,132.98807,16.824284,837.87427,750.7191,125.559715
140.92596,488.65897,331.06888,141.6795,138.21872,26.91545,822.61066,741.5687,133.52605
140.92621,525.0677,324.87503,126.116325,126.69127,4.2007475,826.7974,791.5954,178.99466
140.93774,504.56708,244.35306,199.48296,130.79977,12.946425,1126.3356,753.1053,116.588
140.95267,509.13486,359.23483,149.62585,151.18924,17.13236,1061.5178,769.09247,151.27
140.95438,525.7321,334.04898,144.56015,173.03085,9.332324,821.02026,798.39307,94.98711
140.95682,444.66504,333.45724,115.55645,127.817764,30.299946,815.19073,785.0081,135.9561
140.95833,521.50385,337.8905,158.56161,125.78416,11.7296715,1051.2887,750.9066,200.25272
141.00406,482.1746,355.3126,149.67877,153.37079,10.826211,1138.5626,811.99963,351.51675
141.00526,459.15912,337.60553,15.84248,152.23016,11.404292,1129.8973,775.7542,181.62912
141.03232,518.6147,287.43893,186.42984,121.98779,24.449713,821.2726,834.89014,237.00885
141.04851,495.73218,258.55786,197.44571,140.70969,15.487969,813.4658,797.44635,186.11633
141.05096,512.9375,302.03094,150.12152,129.0052,11.627338,847.3018,771.05896,198.26836
141.05684,512.2966,343.77502,155.19246,127.430984,7.2680793,809.5633,857.2084,189.69606
141.05838,432.5655,341.5778,149.28935,143.83427,10.287165,1137.5114,795.4061,304.22513
141.06815,510.27524,284.7295,111.21651,143.83527,20.50249,828.713,790.82837,136.39352
141.07686,480.47113,334.57202,155.45955,135.6291,8.949986,830.6608,740.4544,208.0264
141.1217,519.963,280.8544,193.31793,165.2359,9.872688,1136.7839,785.46387,293.0555
141.12706,405.4496,334.35776,149.88731,130.93446,22.865417,801.0086,762.5252,177.79762
141.14198,501.57312,332.78247,189.17188,147.76447,6.8495293,1113.6196,815.6851,63.586395
141.16734,527.0481,348.9225,163.60988,125.24236,16.778078,998.01917,794.1032,140.68146
141.1774,508.96777,348.5299,52.321606,139.06522,7.721312,1140.6958,831.88904,81.53451
141.17834,487.17056,314.4594,121.57812,124.97215,12.941493,811.963,788.67084,33.687664
141.18661,514.34406,315.4751,198.2511,137.45831,13.153461,1089.0674,801.68854,56.29273
141.18826,494.80545,274.14502,39.973213,147.37845,11.253885,1143.3658,795.4848,156.84492
141.20804,497.9139,359.35785,190.36432,123.02727,31.394964,1063.5824,790.9749,76.02235
141.22878,494.64285,244.11261,194.74,153.8081,23.818672,809.0444,766.3777,104.06963
141.22958,483.34128,340.08466,180.68748,132.38435,27.361952,835.1393,766.55304,79.43282
141.24896,518.35693,326.2963,167.01285,130.36316,11.474108,1037.9331,814.4815,164.20117
141.26007,518.29486,321.22794,167.3725,142.30598,7.4878106,1040.9371,784.9318,101.672104
141.26367,529.4786,305.6513,183.82445,148.22025,15.907305,826.8313,872.2255,127.07317
141.27686,479.4787,314.39655,192.91068,154.2298,13.275527,1129.1129,820.91376,177.41647
141.29605,537.8528,251.80846,190.79326,137.52545,21.327505,806.2802,857.91785,182.14401
141.29747,501.04614,345.78226,157.34166,140.28072,4.343912,1121.0197,793.0476,303.81372
141.30736,536.9239,356.57727,46.926155,149.47926,12.920978,1114.3925,779.52563,70.53179
141.31152,484.97095,302.58322,176.6855,133.34991,10.879343,1120.1205,730.7002,140.56097
141.33044,533.4836,299.57092,192.90034,136.87286,23.090502,816.8296,810.3834,290.32208
141.3401,490.2029,349.74738,142.11292,130.20705,9.712665,1062.644,797.3562,148.0783
141.35156,391.7493,342.17938,113.05179,141.68465,11.132163,817.95557,791.40125,123.69954
141.36069,345.24768,353.97836,186.0286,136.45476,19.330366,1131.7788,774.76483,135.12755
141.36407,476.0887,354.56256,80.645256,147.00134,10.83658,826.5495,796.5091,160.2824
141.39386,442.70596,335.70398,181.80914,123.39914,15.068283,857.4089,765.7685,106.828384
141.39516,523.7506,307.2159,152.88681,147.05637,10.210945,1057.2509,797.2758,150.62627
141.40495,538.1192,348.39316,192.19394,158.34909,19.906664,1021.4932,793.1707,118.59224
141.40726,506.00156,356.77045,33.87167,146.79805,14.335755,1106.9795,783.45355,80.26546
141.41634,497.028,313.9371,119.435104,139.17259,3.0352118,1143.3848,737.11725,226.99535
141.44104,530.44257,350.77322,113.23515,135.30527,7.9506693,816.94946,785.5472,308.65854
141.45326,533.7387,324.32764,189.94327,129.31587,11.095532,976.4597,754.2744,152.29271
141.46013,491.98816,353.44916,137.71906,145.03958,10.250252,1105.9746,774.8742,320.56042
141.4603,310.15823,350.74237,200.04861,140.15756,14.31611,1131.0999,781.3392,83.03945
141.4622,531.20447,275.29437,128.62794,133.96774,18.104782,806.1273,786.80414,42.320927
141.47862,481.12582,336.71252,114.686615,153.12086,18.152159,806.2624,749.67126,72.36394
141.48993,462.74686,323.55664,180.36351,122.97999,22.130486,807.06036,798.4841,41.737885
141.49298,420.14532,348.6876,145.11263,122.6622,12.584811,802.86646,856.99744,148.72217
141.52444,539.334,317.76205,198.855,146.16597,11.72464,940.5185,816.0462,158.64874
141.52518,441.3004,307.07587,155.3798,129.8609,14.122721,820.5002,843.26013,107.36732
141.52576,415.29257,315.335,188.49178,164.4364,11.525906,1124.2478,771.0211,103.46491
141.53348,484.50067,309.49783,81.851234,148.41936,9.136521,1131.4489,758.5774,158.51852
141.53505,534.36273,353.18903,22.258198,122.00646,16.113066,808.20667,844.50055,108.95311
141.54942,495.5249,330.86328,146.82315,132.86545,11.908507,1102.5656,826.8365,187.48096
141.56108,529.2612,351.4965,115.3454,128.77483,21.35122,1131.5784,741.62427,87.561264
141.5981,441.95578,337.17374,127.28154,150.11914,22.378418,801.4425,754.0705,78.67634
141.60251,461.43704,351.2435,150.76418,159.02586,12.528852,1129.7604,743.28485,136.42151
141.624,492.62064,355.86545,190.58347,126.233826,23.146305,1086.0632,775.3339,80.77272
141.6262,519.23505,353.60263,154.22144,134.965,22.29868,806.005,852.30206,238.73997
141.63087,495.89328,320.25256,125.29116,140.58888,9.828234,1113.1879,764.7255,235.40298
141.64049,440.9428,333.63394,166.51099,131.75278,12.356631,1094.6913,781.39764,145.45999
141.65959,485.99326,276.73132,188.0263,144.81293,10.802268,815.5311,818.5277,87.802155
141.67157,504.97626,356.74765,55.638992,140.1125,25.930887,804.89813,790.8164,64.023346
141.67906,505.43936,358.4228,186.86018,173.3777,14.307205,815.2513,774.21136,145.02948
141.6874,505.90756,306.40424,110.19123,141.3598,23.081745,811.4716,749.7518,146.12984
141.70584,494.2039,284.27765,165.0189,146.52237,13.676034,1141.8901,847.57904,110.38002
141.7203,475.04437,349.60077,194.03592,125.68568,18.988855,1049.1755,787.19354,78.639534
141.72408,502.86786,254.57698,169.3582,129.31155,23.843021,804.6228,850.97565,143.62447
141.7249,505.9296,354.2193,175.85384,129.99261,18.558443,1104.793,789.63513,226.20874
141.73451,529.85974,358.4008,179.68378,144.44366,18.160357,1113.6376,814.72455,231.11908
141.73799,526.4933,355.47446,96.61891,148.12585,29.682549,803.0387,774.4734,158.44319
141.74036,534.6483,331.0682,158.33049,138.75824,10.301723,857.8087,791.1633,225.86632
141.75284,515.5782,335.66443,68.54878,139.32243,3.3145118,1129.7454,766.427,121.41183
141.75316,414.62003,297.2767,193.83269,131.10384,19.892183,812.3353,748.60785,95.4105
141.76236,449.4601,324.3826,150.13805,125.71029,15.729977,813.2008,757.65393,43.742313
141.7626,532.7739,336.11584,195.06454,138.40787,17.80373,1004.8239,794.0405,187.9
141.76425,503.50876,312.36902,190.82095,141.27325,6.8222623,815.11346,799.20685,266.5902
141.80147,505.85907,254.20468,129.4845,126.88816,17.35758,824.0953,801.67883,104.5132
141.80931,539.87823,348.64246,171.54082,122.372955,17.744896,872.9773,832.3667,151.82018
141.81898,533.80414,289.59372,80.755775,147.84723,4.7686605,1143.1053,825.1603,85.624306
141.82849,485.90588,315.5378,183.89821,145.27159,10.531101,1053.8551,781.77405,60.203793
141.84285,538.932,344.91647,187.67912,150.83533,22.930058,802.17487,827.0497,319.59573
141.85136,539.923,348.49878,176.07896,140.40065,17.051233,1127.6416,850.5748,273.022
141.86974,458.4917,337.41922,149.59201,128.5939,14.692728,1109.084,769.86383,147.10289
141.87134,538.5718,328.12048,182.42029,128.85306,13.203158,803.0828,926.33246,188.17221
141.88452,533.1634,284.61215,158.48077,142.29945,16.841965,1036.0912,813.74713,117.63749
141.89172,478.29514,293.7188,194.30742,135.84949,30.226889,822.684,766.1483,47.42455
141.8968,500.54483,325.41037,168.72435,140.29556,21.090265,1023.3357,786.3181,69.35015
141.90501,509.3706,355.29578,180.54887,143.68156,25.775414,1124.9899,752.17194,99.60273
141.91847,405.01895,318.91495,180.51457,151.94041,9.215752,802.0542,779.8384,71.40441
141.922,453.72943,334.69598,143.18634,130.12846,21.24969,843.48486,789.6807,76.261345
141.95657,477.1274,236.04059,191.50998,146.5725,12.892275,805.54285,749.7976,99.333786
141.95676,531.6386,355.16428,139.14372,136.03891,12.410036,1087.9532,730.29913,203.12053
141.95789,479.3536,343.53406,184.20602,140.29076,22.125175,828.65454,748.87177,45.238552
141.96115,479.54095,350.42346,162.82417,159.81097,11.147632,813.27576,823.71204,88.68887
141.96576,487.56277,299.26334,170.52762,134.97589,16.17955,803.0114,864.3277,165.73325
141.97012,519.1219,288.1749,91.15456,125.36633,21.724031,815.58136,776.33356,86.42177
141.97777,490.1594,257.5014,186.55011,144.63869,8.413869,1100.316,788.70154,111.516525
142.03557,526.7373,256.20804,22.811821,127.28019,11.739802,809.2331,789.2015,133.99556
142.04181,521.5992,320.76117,81.88709,133.69836,10.099571,1128.3531,769.02484,309.4373
142.05745,519.76154,348.81247,166.95813,147.67664,27.186768,809.1303,756.3846,252.06564
142.0636,498.4577,338.10046,199.5734,150.84291,12.283334,1082.5366,835.79016,104.14224
142.07007,483.77658,298.61118,186.76025,131.19548,14.451244,1070.8658,766.9837,136.45316
142.0855,440.40598,257.7951,185.07808,147.90147,11.959294,817.2055,764.57587,126.55839
142.09233,491.95413,352.95895,192.41649,150.64084,12.369893,828.5107,723.99713,194.56061
142.09654,538.5671,300.92252,195.3653,132.55756,9.270969,841.7124,845.3454,102.85129
142.10652,533.4684,344.48837,81.85291,130.27835,17.21631,826.9923,719.52716,140.58508
142.11412,528.85596,268.79395,168.18819,134.12265,12.21128,804.86694,870.27057,85.12855
142.11548,531.1257,351.88184,50.06897,146.39064,17.256468,1144.675,801.16754,50.921116
142.117,444.8852,290.2761,191.91606,132.97601,13.091316,806.25946,772.0622,215.33644
142.13268,460.69983,351.28192,132.48257,143.80675,27.688686,810.7735,796.0766,110.725586
142.13815,532.0098,302.61838,186.4697,146.7178,16.014688,855.7409,792.691,175.01445
142.15187,534.4023,341.01703,115.579735,138.1991,7.8786182,829.4111,840.81055,120.2564
142.15656,521.4242,264.01685,161.52222,143.71497,10.399663,1140.5167,785.3543,32.43015
142.16641,500.3032,308.27762,197.7551,153.93184,20.32574,1118.2354,785.115,95.021194
142.1691,523.95996,323.52045,186.27104,155.41896,11.9997635,808.01184,837.6183,192.9625
142.17087,527.57666,332.2223,19.827066,125.50826,12.366705,1134.841,770.84735,324.52356
142.17857,511.0273,327.67645,177.91086,125.79218,15.567525,1023.83185,775.3703,127.714
142.18195,472.38046,316.94272,146.50883,134.97113,19.694626,814.98694,810.16516,172.2927
142.20941,514.90814,304.5667,147.7192,124.00215,11.785576,1132.7457,754.55646,359.35864
142.22311,518.3295,351.98422,161.73409,155.72618,13.758478,1095.2366,771.75366,136.3863
142.24678,488.45087,350.42218,180.7739,135.3303,15.981165,1109.5743,775.7881,237.87921
142.27121,485.25653,345.42444,156.31381,125.23235,12.340969,1101.8102,750.18506,64.47522
142.28069,528.2904,233.20195,192.94098,139.60017,13.277042,813.211,776.2913,181.92921
142.28093,514.1176,349.45914,195.64944,155.62007,11.524002,878.3312,788.0595,120.03706
142.29814,496.10962,334.19186,109.225784,124.2678,17.874533,815.99384,831.6661,83.150406
142.30754,479.80984,285.04984,198.15324,145.80798,20.881683,1142.5878,770.2462,174.52367
142.31075,510.73877,330.34897,163.09645,147.48854,13.674511,1114.3192,806.75134,78.916275
142.31836,503.41013,337.25577,194.66344,142.01715,16.633354,1072.6093,828.9725,113.72522
142.33884,479.40878,295.40112,120.88183,137.99074,5.575123,1142.162,821.5912,160.2624
142.35449,538.5192,337.5648,193.82979,140.93985,9.124554,1088.9828,849.87506,233.28589
142.36899,480.31735,314.5438,194.21236,146.02469,15.924302,856.8891,769.4404,140.66019
142.37837,505.14703,340.458,137.50203,137.28218,5.414925,1141.8757,831.9911,280.09473
142.40445,507.5316,314.05914,182.84055,124.54149,18.95434,884.05646,768.9899,137.28423
142.40556,463.9227,311.35492,176.97882,143.77689,4.302116,806.38776,754.7547,75.76205
142.40889,539.12085,202.21507,194.61151,131.93701,11.325701,809.403,854.93915,88.60495
142.43373,479.46213,344.96353,174.59451,141.17003,13.006453,859.27325,779.5519,170.45628
142.44704,508.24164,349.61435,133.00566,146.00237,10.006098,1065.6965,793.6271,86.73695
142.45358,471.87878,299.9213,99.14692,126.81893,8.983889,1144.6593,793.151,178.36736
142.47018,538.4058,297.90802,195.52623,121.981224,11.234995,1098.5635,735.76575,183.26251
142.47469,534.2839,353.907,67.99614,148.61108,24.42555,813.7368,799.13556,88.78519
142.47707,492.16806,353.37164,192.21182,142.04749,11.864051,855.85114,754.2531,236.59753
142.49055,526.9457,357.61298,140.3481,138.7795,23.065302,1040.3683,778.6266,155.14922
142.49905,484.7271,281.39636,172.54726,158.30272,8.831339,1128.9259,768.64636,60.13184
142.49983,495.60815,291.40173,131.98032,135.58905,20.572989,801.7958,818.59845,160.1492
142.50089,502.4162,299.40927,131.17078,142.68042,20.489178,845.05493,752.8689,121.18406
142.50784,503.31464,307.84302,186.19766,122.675064,5.161236,830.1978,808.041,96.1593
142.51846,476.83304,337.90356,189.24098,136.94275,19.450827,813.15015,725.7685,94.74083
142.5274,465.6151,330.8228,155.28886,150.76299,17.863886,1140.1656,800.4038,102.64099
142.5331,538.2455,340.2789,134.43121,139.64241,10.527454,1115.2589,725.3665,181.07893
142.59639,468.54602,226.65506,188.54788,126.33475,20.713202,823.1253,772.5471,122.21836
142.61714,508.45737,356.5929,122.18519,129.73656,20.376808,815.02563,772.4195,34.50894
142.62457,537.8704,264.71964,106.36579,132.23378,14.560632,808.7326,760.928,195.55109
142.65504,526.7987,326.64185,138.47893,125.47815,21.655325,844.38306,731.12305,116.419586
142.66559,530.51105,337.90454,180.58609,150.70322,18.810637,849.75494,787.1194,60.5026
142.66687,535.9324,351.58463,171.45425,128.65762,31.035603,808.18195,742.26953,306.18002
142.68063,488.01895,322.26266,175.03789,125.81003,9.106284,829.4331,824.07025,172.44669
142.68225,507.70996,339.2499,197.12938,153.70993,13.683334,1073.7035,810.75305,124.44107
142.68393,486.1343,356.9708,182.52455,128.47302,22.50645,1063.5721,774.63873,86.5389
142.68842,495.5728,323.63934,182.33228,133.09293,16.6375,1092.8927,751.1457,152.59816
142.69005,506.79535,311.05215,149.79433,136.2076,1.7246153,804.6288,775.8882,96.96573
142.7071,486.36243,335.34167,137.1998,132.56337,11.491824,805.6522,840.4332,194.5696
142.72513,516.12476,297.69397,11.437176,129.63135,10.475831,821.1589,763.1876,116.598274
142.73346,533.7273,348.82614,125.151,137.39835,11.625366,1036.5627,848.5077,136.5125
142.73938,516.7637,330.5355,178.6085,136.9307,21.20968,829.9448,815.9189,48.57663
142.74031,401.59677,341.7601,177.70337,148.67311,19.048908,821.2404,789.36426,55.0211
142.74474,471.98114,358.01407,71.62556,135.18413,18.097513,818.57336,794.17285,126.15172
142.74515,527.93,320.56448,99.88907,130.26315,11.473942,1065.1111,786.8918,112.361534
142.74731,532.3094,349.38602,135.82475,142.32474,6.6237655,1053.6157,769.2576,122.73256
142.75511,494.1011,273.79916,120.67079,145.39784,9.372092,1131.6526,786.28723,170.1947
142.75735,527.26624,347.34598,173.85912,131.78651,21.18136,804.3586,873.836,301.392
142.78114,470.99738,350.53564,193.23682,170.26955,11.693901,1138.4803,765.0832,136.05232
142.79169,511.69604,255.94536,200.02467,146.82132,8.402702,1132.768,740.1779,75.74067
142.80046,530.4729,314.25882,195.50035,155.68886,6.735508,814.7477,786.445,242.52652
142.82085,438.98938,324.74863,80.66937,142.77928,8.49952,1144.7588,767.1298,160.18326
142.83275,509.04712,350.73486,147.75395,143.3997,5.4358997,1114.5385,751.1982,136.95201
142.84793,535.93524,346.54538,165.7512,136.065,10.68555,961.3634,761.3435,83.22403
142.84828,479.0582,305.44092,112.66758,132.65457,14.884918,811.629,801.3203,188.90099
142.85126,509.99817,344.7455,183.0614,122.26566,25.286903,1140.2455,755.79376,193.86243
142.85611,480.33914,340.017,124.1346,131.33803,10.223748,840.8522,763.4665,81.13662
142.87411,538.01794,311.05667,166.01515,130.47144,26.29421,838.82056,763.6999,172.53714
142.89911,481.06476,326.20255,164.45633,126.67382,27.80412,839.02496,769.5183,136.66711
142.92346,409.88684,324.9834,152.31699,127.959854,7.135728,802.33636,771.2397,90.011734
142.93843,516.6398,330.13242,193.25244,126.06641,15.652326,822.9917,701.3892,82.810905
142.94884,525.2443,308.99695,158.25891,125.99355,11.76152,811.66125,712.0528,171.62178
142.96135,539.0597,303.3571,169.86333,123.37249,5.266067,1142.7935,732.60895,68.436165
142.96571,494.70923,328.4696,161.94896,143.83253,7.173587,853.0572,791.3436,118.39959
142.97131,529.8719,322.75043,166.52756,128.83932,11.402839,1140.4796,903.53894,167.36292
142.9728,476.35577,330.37424,143.01994,137.10657,18.803349,831.3762,745.9028,111.081
142.97682,461.2379,336.58752,147.40715,122.552536,10.134553,829.5594,780.0525,205.3283
142.98976,486.40665,300.94254,170.62553,141.52707,4.184857,803.5849,737.06445,91.786446
143.00902,504.93283,309.12256,195.55597,143.24246,11.268748,809.94257,868.0786,182.9522
143.01334,505.57214,321.05423,177.71922,160.45363,11.595437,1128.0869,798.22284,255.09563
143.02242,497.38873,355.0037,173.57437,135.03108,29.515451,1140.0892,752.7802,235.60925
143.03401,538.30115,332.24207,136.07547,152.44266,12.498873,1144.5164,719.246,74.909004
143.03569,531.02405,321.29367,185.3646,130.17126,13.195519,805.0136,849.7188,330.0583
143.03876,528.9907,323.31738,142.16965,124.2754,17.766607,871.77484,777.55304,120.799225
143.04579,489.43152,353.88162,127.41585,148.87497,5.7351384,1143.1439,841.7398,153.86382
143.05292,490.69394,323.6735,129.21248,138.98528,13.609462,1085.5175,771.7194,96.19348
143.06374,473.0113,300.15192,189.16626,144.91322,14.345098,1035.5842,791.0272,126.08602
143.06482,501.99347,326.91373,134.85184,135.95715,13.371872,1073.2289,759.3506,140.85176
143.07503,406.50046,359.108,198.55632,123.252625,16.674904,833.44385,779.72644,110.98926
143.09596,489.76962,282.72397,153.16463,148.40298,8.387745,831.03674,745.061,123.94274
143.113,496.3458,347.39896,109.69321,138.32246,21.059244,834.43384,753.2885,128.71005
143.12558,481.2025,350,173.19104,124.25781,22.531591,893.87085,791.5362,106.25352
143.12946,535.6118,314.0122,168.50998,152.90909,27.312965,804.3958,736.4249,142.33823
143.13994,492.61804,352.02658,63.641766,126.70176,31.103313,801.9183,802.3429,89.16104
143.14375,423.38895,352.31885,166.47514,127.49612,21.149353,829.62305,745.98834,177.27422
143.1764,503.91147,294.2343,189.23254,139.93956,29.316994,830.84717,775.92584,117.32098
143.18736,513.66046,256.4482,172.49222,135.39407,24.768377,815.6226,793.5332,91.21477
143.18999,509.93393,306.3601,180.29457,134.32892,10.4473715,1035.7225,766.7458,186.35683
143.19876,512.4154,289.35126,88.46229,135.69373,8.175717,1140.175,758.22076,80.86988
143.19968,532.4644,317.43716,148.98848,134.65587,18.807617,1028.6481,745.41095,119.238785
143.20607,448.7158,357.2971,86.967354,146.28352,12.369711,1132.8484,801.1421,99.87085
143.21231,472.89523,317.994,116.30849,135.35234,13.791001,812.9612,776.983,53.116573
143.21782,521.01666,291.92932,176.90367,138.13774,18.960167,805.36224,880.2023,99.19951
143.22018,500.39514,335.48715,173.31314,142.17416,21.39376,855.28467,773.95825,171.42995
143.23315,468.9372,322.00995,188.1199,140.35986,6.6853704,813.4517,767.7821,72.72001
143.24686,521.7843,241.81996,192.7648,146.52605,3.602233,1144.9265,777.60016,212.27907
143.24803,533.0099,351.99664,191.17577,138.71153,27.304476,988.59534,752.8772,136.76112
143.26309,518.5911,251.88986,186.27695,130.8241,6.758444,821.95416,798.2338,62.827904
143.27007,535.2994,354.66864,183.92715,127.764626,24.722818,993.1796,793.2273,134.81671
143.2942,504.28162,338.9839,177.5443,159.0456,9.3259325,1132.7327,804.1111,65.61634
143.2971,528.24884,297.99033,117.396706,126.96546,21.698872,835.28033,784.25195,145.5638
143.33043,515.58875,344.46133,139.54485,153.78152,8.219751,1121.1938,810.4899,104.187065
143.33934,523.65234,315.59512,194.35786,142.34064,20.126608,1090.9021,766.73627,182.49168
143.3436,514.0518,354.81168,65.64232,132.64919,13.270759,1137.9155,747.91547,179.33391
143.3674,474.7041,322.41495,193.62047,131.47928,18.60818,1129.8547,747.76526,108.4868
143.36821,414.91098,304.4621,177.92967,122.83625,16.035095,814.9923,765.7532,136.38034
143.39644,504.88467,334.78464,193.01685,147.44583,26.344406,1039.2567,755.53357,127.73485
143.40402,525.1733,356.72357,189.40508,134.8091,18.033442,1015.76605,784.95215,65.92528
143.40619,525.8665,354.18652,148.50793,143.60893,6.4206395,1142.9086,856.8107,292.98166
143.42929,439.4223,352.60214,147.88495,147.68686,17.944344,1128.7029,773.8206,81.63048
143.43034,508.2324,251.67313,158.65547,129.27348,12.598162,1139.134,786.7569,152.86734
143.43553,468.1176,354.6216,192.59181,138.06712,22.439209,1109.4626,780.8729,128.75723
143.47638,518.7069,318.40585,183.18279,123.180374,13.332498,1130.6261,806.5744,279.6569
143.48026,527.4903,358.24078,166.07011,153.29968,1.8473406,805.0018,790.9632,150.16493
143.48167,539.22955,350.7151,73.01561,132.75385,7.395269,1122.6356,745.3244,119.49895
143.48378,513.30664,338.72043,190.97006,142.0682,20.040554,814.89655,726.2565,160.8699
143.50266,529.77344,327.9755,158.72272,147.22768,17.010792,1049.3683,752.6053,73.80687
143.50417,521.423,347.79,40.409824,127.64479,8.347208,1141.9116,750.0139,255.49324
143.52429,525.50885,351.33368,157.03232,166.01408,12.448698,810.48206,764.3265,181.78906
143.55725,454.5439,249.61516,153.93008,131.46478,8.501237,821.22644,787.4989,125.50633
143.56863,466.0083,296.4307,16.051939,137.80453,11.897097,1136.2045,788.3166,123.55431
143.58176,509.03488,298.5204,153.7715,146.16711,13.66534,1134.8195,775.8431,49.708164
143.58467,404.7796,358.76654,166.63647,135.5874,16.253616,812.56256,750.0729,99.397964
143.60138,534.6807,355.77728,176.29079,135.29788,23.60845,801.44574,871.99567,277.74652
143.61432,497.86115,344.97153,115.95668,124.15934,22.962193,822.8478,763.361,259.43918
143.61531,538.74493,344.5306,142.31618,138.03508,16.519142,1133.6858,734.9425,90.380104
143.62341,500.52,348.7919,179.16124,145.3572,24.192247,815.68616,771.88,259.81802
143.63078,514.73,321.48672,107.818634,141.31425,4.451129,1141.8241,753.10187,305.7428
143.64253,527.0519,346.44305,197.4666,148.64008,15.369206,984.3071,754.34467,146.7662
143.65321,524.36206,339.22812,185.35698,125.08185,10.452756,858.22723,815.2109,89.56437
143.65572,464.175,332.72305,115.625046,125.42297,19.736475,807.775,807.9545,60.790924
143.67343,533.57,189.27075,157.15448,138.43869,10.325776,1140.2114,749.1797,152.68687
143.70383,520.0553,306.48715,142.56493,141.26268,11.476922,1070.4187,773.221,172.66797
143.7151,507.56015,298.7784,173.46986,142.71857,23.888937,802.2329,728.75665,153.85454
143.72377,435.0095,327.36133,192.71169,137.37653,24.46224,803.796,819.64874,112.53411
143.72504,524.5817,330.39987,107.41662,137.18896,15.454347,809.7451,771.5645,226.9336
143.72697,526.31366,328.24423,105.058876,128.13454,24.479525,826.13947,780.9318,191.94379
143.73608,536.4257,300.42703,104.69012,130.39293,10.213741,1136.1409,755.2413,234.39009
143.7529,498.47076,345.4819,158.98283,135.47986,14.118,857.2803,768.8474,165.82614
143.76068,446.71033,331.8656,110.34337,123.88124,14.62786,806.3564,761.815,184.16434
143.78732,516.3239,352.90607,169.49692,145.05356,17.965826,1088.7413,778.9866,176.57854
143.80406,378.56607,325.05072,174.39143,123.8293,24.461641,811.30164,777.4451,139.98026
143.82767,512.84515,323.99875,135.61235,141.45526,16.185007,814.80493,799.5473,68.2948
143.83867,502.10913,336.309,142.48076,137.2249,14.336552,1015.332,788.0498,117.362976
143.85414,502.4687,332.75943,56.026554,140.53076,10.449111,1136.4725,757.1992,215.505
143.86397,495.5186,352.76822,121.60257,151.55911,5.551908,1143.339,768.95526,312.193
143.86423,424.09912,342.09424,118.779144,151.28241,16.524094,802.1204,796.3413,135.14915
143.86772,508.75665,347.74615,172.06609,129.994,16.34402,1098.3241,777.4149,181.91872
143.87144,536.65283,279.88348,151.40666,133.38448,13.074058,1098.2429,790.44305,70.66372
143.89055,535.18933,222.50209,167.82152,136.97406,3.2670753,1144.0779,795.2172,96.90849
143.90965,535.23505,321.09457,6.268431,132.71025,12.633069,1098.9288,785.16693,161.28687
143.93788,478.51132,270.95203,178.4063,125.590256,23.02328,812.469,806.0884,128.91693
143.93938,513.47217,322.28403,187.63026,138.98271,3.2371666,1118.7731,787.7146,134.22435
143.95312,535.3288,357.8909,151.5075,133.3042,25.960075,1133.4028,791.29376,61.148518
143.97235,413.21143,350.35046,153.26212,128.51772,30.412127,803.29175,780.397,184.35759
143.97458,389.43497,309.50656,181.84586,150.01892,10.391577,821.95447,763.3075,125.601585
143.9808,537.9086,230.15799,200.02164,149.2079,14.579737,1102.7996,788.55225,119.08067
144.02994,519.6654,315.7691,123.486824,126.958725,10.013161,1135.1339,790.8178,287.9178
144.04585,486.33945,316.7664,175.91724,125.04193,21.934904,859.5773,753.92474,97.371025
144.04585,517.38916,341.11005,156.41336,146.99883,11.646537,831.4753,802.32336,182.8216
144.05698,500.1135,314.1509,31.539965,140.57373,11.706129,1127.1632,791.0223,172.0446
144.06934,530.54144,348.3879,111.11568,141.3522,8.012866,1099.6299,773.3472,180.79495
144.10185,419.95718,317.49573,196.05363,143.30305,11.97176,815.568,777.08813,77.82692
144.1303,534.9197,337.73706,143.20511,136.19142,3.1445255,1136.4138,839.82056,121.02037
144.15353,534.01605,295.94986,194.22546,135.23499,14.98417,1024.6956,798.5952,65.273026
144.15576,446.2233,312.85498,193.96815,135.91432,17.894697,809.43665,814.2193,86.92142
144.1653,513.123,263.7915,128.18007,126.70021,11.407475,821.27997,759.8492,168.25978
144.16592,511.6707,335.81497,191.24475,141.73743,13.035698,1074.7007,812.98364,140.67325
144.16779,531.2971,327.93616,111.34211,143.95654,7.872824,802.1397,734.0345,175.60881
144.18022,441.52847,333.48007,183.16759,157.58542,9.435767,1138.045,763.65564,93.252975
144.18457,521.1576,330.90857,33.918903,127.44311,10.724725,1120.5911,774.552,87.30347
144.18816,516.2112,241.46371,194.2754,128.80441,18.230505,802.89905,843.85834,107.13566
144.2007,495.31094,319.6509,136.65785,139.32503,13.019699,1119.2031,763.25574,188.08698
144.21289,530.6016,319.3615,172.996,138.34431,11.982552,1084.7274,748.01855,286.56427
144.24567,504.52307,355.72076,169.17683,125.077385,30.68022,1123.8771,773.0669,122.85468
144.28891,511.24338,352.21466,147.11133,131.4473,22.068432,819.996,860.6949,141.71751
144.31172,535.10004,326.5123,163.8936,149.65366,13.0886755,1124.7434,739.1045,147.8216
144.33922,481.46356,353.98337,160.89162,145.00711,4.826333,1139.373,832.82104,185.68277
144.34514,529.4381,294.7641,145.37407,138.25526,12.769172,830.27356,781.9475,222.87756
144.35149,482.30746,358.64108,180.59956,157.98204,14.2232485,1111.7681,781.3014,129.66655
144.36115,533.59143,263.72113,188.27344,148.13025,8.880922,829.1379,745.1445,68.77251
144.37068,478.33716,342.75714,6.8542776,127.645935,13.563111,1122.4202,777.82245,128.61768
144.39023,499.30402,335.48032,184.1103,148.86087,7.28582,809.89886,826.62256,178.34415
144.39868,493.32483,310.80023,124.47733,142.3584,7.8136497,831.0703,796.8554,89.02979
144.41125,498.03455,356.03812,158.50482,156.52446,13.050555,1112.4836,765.12463,122.15875
144.42827,358.67404,349.9127,183.02933,145.76761,9.011542,805.26465,775.9489,113.93702
144.49687,470.29303,292.0497,132.47968,138.15057,12.689957,806.55884,757.74005,148.07729
144.5077,460.41052,355.09412,156.38077,133.63338,23.810081,815.70056,776.11945,53.073627
144.51897,495.21857,353.26584,197.03123,148.97156,14.790655,1083.4731,792.2337,76.57753
144.52164,506.72928,256.42273,138.81639,129.27287,10.8956,802.25464,803.09656,140.7637
144.54718,473.15973,336.7224,149.48923,133.00053,27.930851,803.8402,753.61414,194.98726
144.56082,395.36295,311.87875,155.32753,134.41162,11.812462,1129.2777,805.01917,142.48895
144.5647,534.25775,331.20148,146.72092,144.46748,6.0575333,1087.3042,791.1459,94.93382
144.59988,380.52457,288.9918,144.42017,136.37964,10.878974,1143.117,753.5118,108.73654
144.6204,532.2826,322.28033,157.38206,154.1934,7.020296,1144.4827,713.99493,205.22346
144.63023,536.527,309.04453,85.91606,131.66725,12.166003,817.043,772.7437,191.22028
144.63443,494.5207,257.17587,194.7578,133.48312,14.848705,1134.196,784.2172,77.07193
144.63443,476.2647,255.14313,169.72343,137.11609,15.220142,1141.2668,772.3137,135.45328
144.6349,514.68427,301.8902,155.8045,134.35764,4.456595,1130.548,742.216,216.53453
144.64903,505.394,341.0892,86.961075,141.62721,7.665897,827.6663,761.9426,100.66297
144.65489,529.76166,267.10022,149.00246,126.392715,9.991651,806.5595,809.67834,212.33186
144.6554,484.74445,301.4986,194.59312,143.4643,26.655006,820.65186,770.09515,70.83909
144.65579,504.2615,306.4952,122.12398,152.63058,16.406723,821.18787,791.9557,71.36031
144.65907,534.6724,353.34293,158.02571,138.39539,28.507666,817.17194,745.7897,174.24086
144.66376,530.24335,349.59763,199.19986,145.78268,8.9728565,834.4989,716.20496,131.03392
144.66673,478.72043,354.48315,170.74753,142.16306,4.865679,801.48083,743.7835,141.9892
144.69798,513.4152,339.3091,61.24632,135.72679,11.824895,1138.6826,763.55194,43.48119
144.70465,514.26544,318.48175,164.17763,162.63913,8.032285,1144.0925,767.3307,276.8775
144.70964,478.1486,334.392,178.062,139.08194,8.650343,1128.1189,845.7602,164.5429
144.71384,435.4216,345.33392,169.38435,137.98328,18.371536,814.3536,768.35754,165.57591
144.74751,489.83527,343.46704,60.677387,123.07291,13.992115,1130.3011,767.0518,198.36047
144.7715,532.2777,342.74622,142.91743,143.15485,16.175585,811.6085,816.4524,246.23357
144.77399,497.70963,290.04028,192.51656,126.73495,10.007237,1130.3721,820.38226,216.45866
144.77623,489.58463,292.6804,138.67294,122.5409,13.480338,803.1521,839.0888,110.083275
144.77698,531.52924,318.30807,150.78105,133.4775,25.543034,807.3751,852.91534,177.00102
144.78552,536.80597,354.8707,194.9413,143.06549,23.041098,1135.2175,799.5071,313.30023
144.78558,491.24283,334.03598,111.462036,128.52129,11.465322,1125.2285,777.581,219.41318
144.80353,537.4295,354.50565,172.69803,142.45027,31.705044,1106.2283,770.8031,129.20369
144.80705,536.0068,333.5366,190.66122,134.4204,23.535158,1000.6688,780.07404,86.50159
144.81604,499.60513,350.90448,115.67174,125.15652,11.487537,807.6601,858.2113,60.365215
144.81741,489.85742,322.9004,171.21687,151.04478,11.581051,817.00757,747.17566,167.85213
144.87906,527.655,346.8754,178.0937,145.80902,14.151266,825.00085,775.4771,292.6788
144.88957,465.79132,352.51184,172.46947,125.50882,15.05503,808.27625,727.50085,161.01099
144.92297,526.35315,359.17776,144.94331,137.13707,6.501416,1105.535,768.6406,80.54105
144.9291,493.53436,321.71484,140.83647,158.10835,9.916063,1142.5415,793.9669,254.32027
144.93457,484.9268,351.47272,181.98135,132.66031,13.849332,1132.2704,754.7795,356.09955
145.03342,472.50275,314.78275,183.75357,153.01839,10.642823,819.64825,791.12396,180.37369
145.04088,413.2496,342.8303,191.265,127.85542,12.032684,1127.8428,776.8695,230.32051
145.04477,508.68726,337.77057,14.43327,124.84868,6.8126907,1144.6843,770.29675,69.61006
145.06189,488.97812,342.49643,106.375725,126.68826,14.465502,816.3707,751.47504,178.10602
145.06451,489.61987,339.87268,77.63719,124.09805,10.77074,1123.0443,791.4978,85.31361
145.06654,537.4929,346.24945,198.09586,144.11429,8.567512,812.281,836.61725,311.77762
145.07045,531.3291,340.641,150.86102,140.70525,9.098469,816.31616,812.67255,230.91013
145.0758,380.70343,358.72778,189.70792,146.50092,6.4767685,1143.1008,778.9101,176.89314
145.08261,492.01617,350.46365,180.43741,129.22525,11.639134,1105.7053,768.08344,47.625458
145.1003,509.2404,331.30048,190.5328,128.43652,30.2481,821.4651,842.6156,80.57588
145.10468,478.15997,302.07108,163.5353,130.18533,11.754033,813.43176,798.13416,267.3939
145.11426,347.8338,344.10452,184.3498,146.3832,10.001572,1141.7305,801.32556,127.14732
145.11778,538.2521,332.99142,170.7381,146.65443,11.737407,890.3681,798.7677,86.4654
145.12158,509.7985,300.31656,164.51549,153.22911,12.821906,824.2429,770.33856,151.89766
145.14825,477.32617,356.6559,167.2514,131.85046,7.9480896,1136.8398,786.69824,348.85913
145.17682,518.68567,318.29974,187.2461,142.74797,8.4951725,1122.6783,795.7242,337.9623
145.17702,504.4592,285.46387,182.70953,129.66324,22.004068,831.3265,794.85596,116.45072
145.19016,393.68182,334.23358,144.21,136.56918,12.145175,1136.0956,751.0645,125.74978
145.21567,469.36972,284.32883,171.90689,135.22711,12.433515,823.38434,770.7864,90.22487
145.25597,467.46326,306.49902,177.4494,130.18294,12.314498,826.2209,752.735,173.35983
145.26437,529.16284,332.4807,160.04149,150.82233,16.02375,817.4009,814.2246,157.28369
145.27502,483.215,343.81577,116.64364,142.89795,11.2112875,1084.4247,774.8329,120.02802
145.28578,485.37094,339.3446,143.72055,137.67639,23.70871,817.67786,801.36053,175.14201
145.29526,527.146,349.9582,42.432983,123.362015,12.526308,817.14075,768.7816,54.56199
145.35434,534.427,320.4346,151.14194,145.70451,13.715248,1138.7655,806.86945,239.55154
145.37433,499.11047,359.16367,183.26729,144.63399,9.881117,1102.3787,798.7676,293.71295
145.3797,504.63684,357.89676,147.28687,130.95518,15.359138,843.91504,788.32184,192.12419
145.4048,448.78497,353.6456,166.98671,147.34427,15.973698,1128.2191,756.84406,139.8514
145.42752,522.9041,290.80182,198.43343,136.6028,29.163822,802.0138,792.102,62.281895
145.42996,490.3984,331.27866,136.56738,124.32242,22.127556,816.5434,756.93445,185.64148
145.46042,429.58035,320.0969,199.40706,142.64105,24.305758,811.7473,766.30023,129.51053
145.49034,483.2522,338.9804,15.421617,131.0437,11.375135,1142.1898,749.43835,258.44925
145.52357,447.889,276.93967,193.12268,141.54712,10.526979,1130.0895,760.2379,82.39318
145.53856,399.89825,355.024,138.00876,126.685005,20.197664,817.83545,782.05835,120.047226
145.54042,487.82892,309.68253,199.99045,141.55765,13.734421,843.346,786.9489,83.41621
145.55365,418.8945,328.7707,165.00229,144.04628,10.579232,1130.4792,770.76385,245.83437
145.5629,499.2125,322.09427,99.75607,136.01962,18.718124,807.6022,810.99084,140.04448
145.57286,481.56882,327.43066,155.03197,146.56822,10.033989,1112.0408,763.0228,217.34256
145.59048,535.01025,308.83072,191.30888,142.98248,6.221624,1121.4631,832.52783,105.03506
145.59303,507.5466,357.72223,150.44598,130.5298,15.310728,845.8202,768.54877,61.814396
145.59988,524.8042,332.36774,171.64189,127.87926,23.834906,820.7874,855.01184,172.80214
145.60617,488.1395,332.65338,123.10009,144.94444,10.697356,1141.2522,755.4006,359.5895
145.61955,534.5814,355.372,170.59424,135.09082,14.27785,1109.3491,753.28406,322.3338
145.63205,529.6492,337.40363,158.4377,146.45416,19.689524,1094.3192,777.4952,99.832054
145.65227,517.61975,328.31738,170.04932,139.8411,18.730406,827.6567,841.663,115.06813
145.6668,498.92627,323.13654,198.42476,122.597885,19.278923,810.4013,737.40466,237.3934
145.67693,502.1405,264.3637,113.219894,122.10179,10.42966,802.0882,772.06854,75.98773
145.72812,537.3838,352.74576,114.698135,146.58083,23.243994,806.42676,738.15576,158.93762
145.73055,489.12726,333.41962,157.78122,145.3877,11.819694,1124.0923,802.37604,55.58883
145.73763,481.93475,258.07364,133.12672,122.27822,21.20176,810.34174,793.691,110.163605
145.73932,470.9626,317.6037,179.40211,145.45648,9.141529,1136.8986,776.7153,279.52905
145.85968,532.2613,336.29596,152.78777,135.86673,6.816707,814.9475,802.10864,221.81244
145.86992,531.1976,284.26205,155.07898,125.53837,15.317841,806.89874,713.48346,121.67015
145.88199,503.40726,275.35983,101.11948,136.37044,14.903401,803.4452,760.02356,120.41519
145.9111,517.8761,323.52216,181.91736,124.28893,17.244528,854.5141,760.3996,142.42972
145.94118,535.4597,259.62985,188.3062,146.70288,11.524716,820.0088,852.07074,142.01439
145.97055,529.709,266.87793,87.25235,135.81332,17.772512,802.2263,771.98975,96.718155
145.98337,530.46674,283.02875,132.95795,128.78593,17.658794,811.7469,751.46606,158.1954
146.00227,529.9657,351.44617,185.54037,126.155426,7.5306067,876.3265,784.53876,120.0135
146.00539,492.39615,337.1981,22.51481,131.19836,17.846296,821.38196,777.6197,113.22019
146.00977,539.4662,235.11223,186.09375,146.8118,3.6501925,802.50146,822.44135,117.12501
146.01503,538.3382,301.97745,126.23013,121.97182,30.541845,811.8426,787.8508,210.24765
146.03357,430.72418,353.00693,176.26964,126.41718,20.749762,805.50305,742.4616,70.63346
146.04039,508.4492,327.61426,92.94041,145.62175,11.006706,1141.5845,791.03357,263.23117
146.07803,486.41858,300.38968,149.9753,131.38307,5.2420626,812.37823,790.77124,128.86278
146.07866,488.54153,297.72842,182.8977,139.50513,10.152532,1139.6271,748.88666,278.98282
146.08524,506.79453,290.46036,171.05125,150.11125,10.835014,1143.6311,837.562,172.4773
146.10408,527.72504,347.56134,156.25555,164.71262,23.23334,805.88763,777.52686,123.436844
146.12039,455.42227,311.07513,179.03847,142.17462,19.997686,829.9279,785.04694,135.87376
146.13792,505.7742,341.2641,184.92935,143.48924,6.700963,1121.8741,744.67377,215.8386
146.1397,507.914,351.30887,194.22412,154.1258,6.491605,1142.7709,806.93024,357.32666
146.17094,489.16074,346.6495,20.257675,145.46321,10.432166,1130.3357,748.4856,73.058716
146.17209,502.29913,335.38858,129.66055,127.392296,3.6099403,1137.3917,771.83136,164.59006
146.17433,530.88245,352.50003,187.0983,161.01184,12.584724,810.7996,736.38873,183.69641
146.18019,528.69696,342.7788,193.87062,127.1954,8.454065,845.07935,773.57874,193.55283
146.19478,495.07175,313.84393,199.3875,148.5147,24.57682,820.96454,776.1504,234.90738
146.22458,423.5931,320.56525,177.4526,124.33883,22.209162,809.27734,783.3183,69.91577
146.26703,478.20367,328.09656,158.66585,151.68298,13.688078,1134.8788,769.9142,70.823616
146.29518,532.7664,243.86061,99.212364,128.46342,16.73465,805.7805,800.4904,103.24825
146.29576,520.1117,329.72516,130.00598,146.4225,4.1535735,1125.7554,761.66595,155.94916
146.31485,517.66876,355.8579,159.47527,135.25493,21.169634,824.47864,739.5677,169.62764
146.32689,506.63882,356.1533,137.3725,125.120186,21.571564,852.84094,776.1601,77.48184
146.37431,539.6971,318.69662,178.75299,144.36177,11.891117,841.442,744.8812,185.92836
146.38394,452.4214,348.15198,136.34183,124.5074,13.859788,803.95123,773.0055,215.40105
146.38643,518.683,294.88458,157.86203,123.47777,11.011599,1128.6195,753.21063,240.29312
146.38849,438.56845,318.20566,178.62802,132.41536,21.262833,811.7892,784.0475,61.719048
146.3933,532.79956,337.19217,124.32164,144.96742,16.968311,1129.7915,787.7921,220.80965
146.46667,523.3399,353.82968,122.351295,155.05692,10.144403,811.54034,797.2035,154.62923
146.46912,519.2492,345.87186,144.07687,141.55637,19.635397,804.9555,762.4627,41.738068
146.48436,477.64963,299.88223,167.69249,129.55006,24.128416,812.99603,776.46606,57.174538
146.49658,531.2955,343.43048,176.98524,127.19362,17.109428,1092.775,788.6984,73.37238
146.52045,516.06396,334.36044,102.95034,146.92578,14.5737,1142.6659,752.0703,139.68134
146.52657,527.9014,339.91785,117.0488,123.80146,29.489403,810.52716,758.0412,202.52475
146.55301,516.10016,311.44254,168.61913,124.68603,25.024654,827.6494,790.9475,220.3917
146.61534,519.20416,348.41592,174.40536,139.50995,10.893705,1057.7384,795.7928,180.66441
146.62224,422.14398,323.58682,137.69833,133.07393,12.002364,1123.3152,791.96155,96.51583
146.63022,467.10248,357.1711,125.6265,148.5383,13.486341,825.51324,793.798,121.91453
146.65344,531.7867,282.99594,123.351875,135.86061,12.505117,1121.0312,801.4185,98.52621
146.68199,458.6845,350.10175,187.44336,126.74869,15.910771,819.16614,742.2246,126.48186
146.72142,494.56046,317.54163,164.3075,135.62808,13.979015,805.6077,762.0606,41.879883
146.72786,534.07,339.12564,152.24854,137.18584,10.432666,1112.4333,768.6708,351.17267
146.73952,491.87265,320.0812,145.49956,160.55238,9.369017,1139.7397,756.5977,164.71553
146.7687,528.2318,309.44083,182.5914,140.67186,9.715787,1127.5364,743.03937,319.5562
146.79106,533.62726,335.16336,162.01266,122.90887,13.572337,813.3671,769.969,353.10135
146.79207,504.46732,336.74292,74.0537,144.74538,11.440709,816.29395,799.1071,75.164055
146.79478,452.9499,345.8423,178.99785,149.15749,11.523841,801.499,734.542,172.56094
146.82228,506.22583,331.1591,113.79298,153.92903,11.122874,1143.9978,772.6903,263.3837
146.82434,429.66086,304.011,197.50003,145.21783,13.940164,1129.302,786.76166,161.7514
146.82587,497.3555,357.47403,188.1026,125.93953,14.122626,1128.8362,801.7415,45.498993
146.85356,518.7382,355.02057,155.71606,131.77588,10.451638,1141.1721,834.08936,280.03394
146.88344,532.7176,301.45108,165.03769,154.04628,9.4427595,1110.7052,790.3719,69.72107
146.91576,538.4803,331.9968,129.39392,131.78543,12.534589,813.2415,830.3817,155.00926
146.94304,518.3227,308.4983,62.500988,133.89151,18.279118,802.15283,776.88367,105.9031
146.94962,492.92706,356.45483,168.68004,126.84792,9.340344,1105.8436,763.5678,79.667015
146.99524,515.16156,290.7748,188.95934,136.13017,12.040983,1046.2056,791.17834,128.61024
147.01335,521.8387,354.958,122.01,150.94221,9.7277775,809.7911,798.59564,56.94521
147.02373,521.23553,357.39847,131.03636,139.22412,11.590592,1125.3923,796.7405,45.8279
147.03157,530.5684,278.42218,174.52756,144.65875,11.132616,1090.3108,760.24603,195.57253
147.03491,471.42157,335.70224,185.32033,146.1657,23.322426,812.0909,793.7831,156.45503
147.06769,485.955,340.7371,188.10773,154.96625,12.340047,1127.5698,810.6821,111.69169
147.08028,539.578,301.79004,149.27405,144.36063,12.415811,1092.5046,776.6395,80.22065
147.11055,535.92645,344.32663,163.24342,123.564705,11.238364,1114.0065,803.8676,290.6873
147.11534,535.19025,344.26263,25.141373,135.50233,10.216797,1133.362,819.1477,130.05836
147.16808,528.39514,346.3602,184.43518,122.46771,7.7075405,821.15875,821.1759,253.12675
147.18008,533.97687,342.69034,16.263342,125.75346,9.495371,822.7786,781.7591,168.80284
147.19405,432.5875,349.9232,164.99815,130.65408,11.952156,1115.2179,791.5734,102.41941
147.22704,503.53668,335.43195,134.83955,144.20032,11.230536,1111.4888,780.4077,262.98834
147.25188,456.23752,279.8268,197.13867,128.08282,19.2513,812.3771,759.35345,110.89822
147.26111,519.97925,352.14542,85.64647,143.69641,11.523737,1140.1906,758.0605,321.5399
147.26729,487.63126,350.27713,180.21051,140.70827,19.756447,823.2589,812.10785,150.12428
147.31403,536.4396,259.98697,176.36084,149.21236,8.813849,1139.3656,763.6891,231.87268
147.3179,477.99786,298.59708,192.52484,149.4125,6.493272,1141.5782,763.9163,67.551216
147.32669,537.3457,317.05966,83.33713,126.046616,15.456917,1143.1252,760.5357,105.09293
147.32834,488.46167,352.39658,158.60681,151.33698,18.649538,810.83234,788.35815,216.62451
147.34125,480.31827,271.94348,123.42249,141.15208,11.635183,1142.4248,795.8737,100.18781
147.38303,524.95715,339.03867,174.28392,129.57642,11.148553,1133.7269,827.50885,206.27818
147.40706,454.83093,354.5509,152.1954,137.46416,17.685877,803.18146,827.19855,119.481865
147.41772,536.1361,340.84476,142.08733,151.86707,11.930314,833.36206,767.64136,66.89519
147.4178,498.14096,311.36395,136.74467,139.31058,18.344713,830.83905,749.28656,114.894295
147.41954,538.3506,354.9815,186.97302,133.13591,10.751815,1091.4801,834.6668,188.1852
147.42606,466.78555,333.1948,163.91304,139.07544,8.175875,808.6643,791.8358,168.63579
147.43661,538.179,331.79526,151.04366,137.79688,15.568145,816.735,723.9795,108.32272
147.45238,523.23035,326.01492,183.31972,132.88828,31.624575,823.83203,760.65094,106.20409
147.47519,481.33612,306.20508,167.4079,148.44287,12.762377,1134.2241,769.88153,58.006588
147.51552,421.9961,353.70053,167.885,135.93181,13.271877,1137.0632,799.2421,80.18073
147.53575,507.19894,331.80466,136.75143,148.46635,14.482519,1136.6096,785.60364,65.34777
147.6001,486.39246,341.24396,52.09343,127.97333,13.942099,817.16986,762.3962,99.558716
147.66641,519.3959,354.21548,180.23508,131.99564,21.22744,812.59717,731.0572,79.96329
147.68245,515.18414,280.07184,189.3295,150.34578,7.025305,1141.0624,768.30585,218.4446
147.71422,511.23776,289.82697,183.72133,126.72547,10.9059515,1125.6335,780.7332,164.18663
147.74342,536.78485,313.50443,168.93857,133.24295,8.755715,811.7947,745.75696,208.10191
147.7514,506.10263,352.62207,191.73578,165.76395,11.82235,819.7247,760.51587,122.48131
147.79305,516.08264,356.46417,154.0594,123.862724,10.711156,850.9109,754.4474,149.85849
147.8167,488.07617,355.07492,190.45276,128.81876,26.630215,814.3978,816.9482,148.98051
147.83392,532.8461,347.74014,160.52176,126.90874,9.707617,1064.2456,797.61163,159.09868
147.83485,454.544,298.57956,129.3649,121.99957,16.997877,806.7382,796.2681,95.74235
147.92923,501.13385,308.33292,131.3334,150.57494,16.890036,808.3649,786.9408,95.14922
147.9582,538.01324,277.71344,155.96599,143.60008,17.682137,819.4192,778.94556,126.90001
147.9639,534.97723,344.8785,156.51947,138.62474,12.498983,833.1935,805.5282,137.59946
147.97713,480.19278,350.57785,169.24878,126.98525,8.247929,1142.0466,732.719,169.07822
148.007,538.71594,311.22638,137.75706,130.16357,12.289842,821.90607,876.7802,118.095116
148.03412,505.49625,313.3486,134.08554,144.6868,11.842435,842.0823,778.62415,120.12826
148.04648,481.67578,287.30762,173.51984,142.22235,25.676334,808.62665,782.7353,88.401405
148.14493,529.3797,356.00394,141.75558,128.97224,10.741781,1035.2147,760.709,104.97795
148.19635,468.97775,289.72552,161.16335,130.97252,10.075318,810.3127,761.9912,82.3648
148.22592,536.55664,354.6062,196.75241,123.84002,17.544641,848.14185,739.4456,97.90721
148.26501,434.97617,323.84448,151.46944,136.27087,10.788386,1135.8079,761.3564,151.91469
148.26558,529.26697,349.6676,193.61378,150.79242,10.3353195,1103.4929,770.4958,53.27107
148.30351,525.0472,312.2004,188.10391,129.10754,22.899786,811.3739,849.99475,140.72435
148.32893,477.62085,312.09503,174.63876,140.30745,19.70966,1141.1453,774.40717,151.81581
148.34169,533.1216,322.42487,119.379745,148.1195,15.041443,804.1815,770.29016,252.24457
148.37566,460.44724,321.20657,178.68594,133.5496,9.787707,1129.591,763.7606,223.51654
148.40448,490.51904,338.32666,152.19128,122.496895,12.343983,827.4941,789.69226,226.53159
148.44626,461.20935,348.83234,198.99364,127.65647,15.537022,821.8095,756.68823,243.29156
148.44937,504.26492,359.12473,137.59314,148.02576,12.21273,1096.9725,775.7733,178.2577
148.45676,424.21625,346.36996,164.01505,131.04366,25.229963,810.00555,799.721,129.2581
148.48459,490.48117,345.86166,117.60279,143.14825,22.77798,816.70703,789.1821,89.29798
148.54965,533.3454,336.5621,127.32656,130.7807,12.193094,809.9369,712.53375,98.90697
148.58133,530.8067,287.9727,165.28625,144.6433,23.998178,809.9748,820.8524,107.25396
148.5826,460.5032,332.73065,110.49852,134.95728,15.265616,806.9221,758.2449,102.277794
148.59285,511.8833,333.78363,111.10626,148.17973,3.735003,1141.8043,799.0472,135.27377
148.61346,516.0213,278.08234,173.96765,125.148125,14.670142,812.8839,795.5712,192.58878
148.61975,488.6374,325.04565,156.95345,140.91377,6.8439026,824.1712,783.2677,100.51737
148.70172,531.20044,341.7962,183.16724,128.58763,20.515888,880.52277,773.0473,132.2026
148.7106,539.04926,310.4066,125.472916,143.97221,16.727926,804.8157,770.0802,208.75996
148.72594,531.20795,332.6899,134.27669,128.25284,10.217466,1062.6046,782.5796,118.24679
148.72885,534.7923,348.27618,174.38173,136.03456,11.048445,1064.7958,813.0916,166.8065
148.72899,427.60748,357.00998,160.47932,148.79025,16.413637,809.11755,797.4273,145.15263
148.75194,496.89804,296.34164,156.29036,130.59135,9.971255,1131.3416,771.5661,216.72568
148.76973,444.76437,302.8139,150.02402,123.41586,11.892067,803.1472,788.0345,200.9309
148.79669,539.75195,338.3946,177.92705,130.6741,15.460238,1134.8876,790.4856,255.6424
148.8537,536.14935,266.6364,142.0996,131.62646,10.610492,801.6886,812.10394,153.74998
148.86205,483.12756,356.76642,172.2036,131.53291,7.0007944,1129.7296,802.1907,204.70132
148.94212,489.02335,332.71515,151.71558,126.046974,20.21533,817.40106,744.01874,82.47756
148.96591,534.3853,358.9123,126.56296,145.75235,8.312218,1106.5568,777.14215,158.23454
148.99518,509.11716,309.94955,120.47665,124.4268,10.12757,819.8854,789.14484,86.89433
149.08717,500.63394,306.1548,178.0007,136.16547,21.486208,829.47815,752.13605,141.26602
149.12096,483.0573,320.87396,169.19711,122.94087,29.017075,801.86334,823.582,110.83762
149.17776,530.01636,336.14093,174.83264,148.69893,5.8194118,805.1552,834.2202,164.66219
149.18494,530.00586,265.09235,162.31976,126.90738,14.961519,828.9114,747.06836,137.9669
149.20227,531.08417,318.21338,150.70187,134.75417,10.575171,1110.555,768.822,249.83319
149.21483,489.1575,354.2789,133.91266,148.16504,9.371762,1109.7654,760.31635,134.90724
149.21815,520.8394,339.28763,15.836515,129.29509,11.90497,1134.6444,791.6694,79.68585
149.26317,463.26312,330.218,188.82632,127.06289,11.097732,1133.545,763.17,81.71409
149.31259,523.7751,305.55908,177.95073,142.48831,11.028767,1070.9985,788.1676,121.302376
149.32578,500.72833,334.57953,173.3727,147.90477,10.726861,829.69,799.1891,194.6676
149.3481,531.8279,358.34387,142.7742,148.46402,14.501044,1140.468,835.4701,119.63564
149.3533,489.18723,317.45477,193.1201,141.36235,9.783344,1128.0187,830.33777,139.76762
149.38615,495.5407,354.26077,185.76045,134.72392,7.32022,1135.2744,812.1722,219.42845
149.42049,502.65808,353.96326,180.41415,122.202835,27.085907,825.29956,813.6511,100.744545
149.47836,497.25775,353.95636,55.24983,137.66405,18.730314,809.5887,778.1764,114.47464
149.48186,520.674,318.84094,188.30197,141.67694,10.942673,1108.2793,788.4003,79.432
149.48337,536.8065,266.6131,179.63345,143.88707,9.883431,805.02057,842.1646,105.40499
149.48889,447.29913,305.56125,164.21368,125.17844,19.82347,804.1854,749.57385,103.497314
149.49835,526.5085,356.97577,170.3438,141.25162,7.8531866,1114.192,746.5681,166.10173
149.57559,538.0313,338.76175,172.57684,159.97887,10.341171,1144.8771,820.93176,212.14427
149.61557,536.9285,287.01093,135.55882,145.95232,10.310732,831.00824,762.6934,97.13101
149.61699,537.8818,349.83353,149.8742,133.16006,12.632509,1056.765,781.3154,157.65536
149.67294,516.95856,284.71762,195.85896,146.45642,14.333161,830.18085,790.92096,132.11993
149.67581,500.64127,249.26884,195.42612,131.32513,21.472353,803.1949,787.3033,134.45755
149.69078,529.9556,347.21817,127.44327,123.49568,4.907962,1143.34,777.9557,209.99234
149.71489,534.67053,332.18158,176.60852,129.7824,15.493758,1131.6705,788.93884,257.20148
149.80138,504.00165,340.34097,17.009573,148.40417,7.523286,1144.2959,787.77954,90.4549
149.84665,490.17868,331.4461,149.5043,135.77362,8.450912,1144.4119,801.8296,45.017773
149.8686,514.2315,330.19492,52.2195,127.76847,12.397114,1144.0461,791.6482,64.526505
149.90665,462.70438,347.90393,165.47292,124.55977,28.080244,807.4881,771.13806,145.94722
149.94098,531.52014,337.8032,116.139,139.91725,21.773224,803.23724,823.53296,131.13008
149.9554,460.8286,337.78918,191.35332,149.0532,7.4433665,1143.1307,747.10645,99.96858
149.99173,486.78885,356.58777,195.81697,137.2532,16.02733,802.9702,846.3626,103.56529
150.01888,539.1209,357.68564,170.09872,130.70709,14.5399065,1070.2767,765.8739,169.60031
150.06091,512.40576,298.24304,185.77231,122.95885,11.49332,828.3355,780.95557,220.17259
150.11644,495.86636,339.6348,168.65967,153.5883,11.131383,1134.1526,793.7837,63.14433
150.12053,487.28342,318.3495,165.52278,141.51375,17.007917,1144.1422,759.475,109.74949
150.20903,438.1908,356.87827,185.2245,130.96712,18.715885,826.95667,775.00635,123.76935
150.23116,530.1526,313.9153,153.46333,138.27745,32.031963,808.8135,797.0007,90.297516
150.2719,482.13956,343.23724,145.15599,125.11762,22.455988,820.601,822.26373,149.46646
150.27502,454.40775,294.00363,156.81946,127.885735,10.2947,1144.4348,792.24023,84.30221
150.2883,535.252,258.82117,197.99413,153.05182,16.222927,804.8233,793.4191,137.96233
150.34802,448.91217,337.0454,102.62462,128.49268,11.788051,812.4505,756.0744,94.64001
150.38779,483.93936,299.7295,194.15533,147.66318,9.82169,828.9028,795.74567,138.84227
150.38782,530.3215,356.71243,108.67272,142.16634,21.078468,1143.4335,776.2538,99.7513
150.38863,490.23462,315.8479,143.8033,151.394,11.775954,830.8129,779.59357,126.71315
150.40863,517.62976,310.93164,167.55766,150.04666,14.972443,1142.7534,791.50037,168.64742
150.41286,536.80035,341.73486,155.89383,143.64713,24.85318,819.1952,750.6354,149.8896
150.45074,533.8744,343.19855,170.91835,136.30919,21.703835,805.01416,742.5203,46.185978
150.45688,491.85965,339.33087,196.86375,128.98097,15.033959,819.53864,745.7382,134.21318
150.46432,483.5274,346.0528,154.88364,141.25867,10.761456,815.41473,768.26404,189.6338
150.56723,499.9661,329.57404,168.60344,152.46205,3.407338,1143.7311,757.3991,236.63435
150.59824,492.5619,353.59644,181.48262,139.70776,6.9176607,1134.4038,788.69336,301.86157
150.63629,490.2114,342.79984,158.9068,122.73522,13.408553,805.4225,770.81464,269.53717
150.65082,533.73737,279.0487,159.44275,141.18565,6.795384,822.9025,805.3012,112.92445
150.66956,508.75262,358.8447,140.27126,129.0166,11.56099,1141.1527,756.15515,334.90433
150.68587,476.7026,358.5962,15.120372,138.83455,8.974151,1141.9016,764.20905,130.4142
150.74564,394.45312,351.27316,166.65208,140.81981,10.416632,1134.1829,783.5417,122.02075
150.78528,507.36154,292.92816,156.55154,132.32059,9.251651,1138.658,764.7492,98.07114
150.79167,507.8048,244.22202,172.7266,140.1132,10.41953,805.18225,798.8854,108.417336
150.79424,517.99915,349.67725,146.45078,145.66034,12.759852,806.4482,765.90497,45.58022
150.82129,528.8258,335.99216,188.9705,128.80847,20.673601,819.22314,750.5918,211.35155
150.99405,523.7232,319.55978,196.47173,126.47629,13.703313,822.37915,734.8444,136.32407
150.99925,486.2633,359.11328,146.4107,141.07544,12.832096,828.6799,759.69476,158.42873
151.00238,534.42914,318.08005,151.87971,126.43228,22.109306,826.32,764.54,53.351696
151.0812,423.54984,313.29886,152.4162,132.81451,13.664082,803.19775,791.178,113.85668
151.08826,533.63525,294.19122,163.85847,134.18224,8.597094,1129.2568,762.3314,308.9979
151.09409,537.4875,269.09402,167.15462,129.19588,9.176753,1143.496,765.26294,161.29109
151.1142,537.36176,338.59814,145.78934,148.49107,30.026228,801.8017,757.18915,119.4366
151.18517,526.1267,298.05972,173.08737,139.45491,12.313102,1144.8486,746.3415,256.9604
151.20778,537.5235,335.41113,182.0759,148.87778,3.6067307,805.1387,825.442,93.44334
151.25401,477.3113,327.4614,122.40201,135.21114,11.265665,815.51483,782.4066,142.68677
151.30136,500.27576,355.32236,75.021736,137.29948,12.963858,1139.8307,798.07336,158.40346
151.33688,459.13776,307.71564,166.44145,122.39865,22.185276,807.05615,756.5524,96.075165
151.38309,535.0238,313.4603,158.17665,123.17745,22.181936,815.75684,838.62897,132.06424
151.38649,511.425,356.81653,31.092083,129.51357,10.180393,1129.9865,791.12415,134.49799
151.46585,531.30444,250.99838,184.55379,138.17508,15.452838,810.8012,766.32227,93.871056
151.57074,530.24457,353.98627,163.3812,128.36461,15.234098,1095.6958,780.6681,135.55537
151.6069,531.84937,262.5544,180.13966,129.19257,25.24013,802.2013,789.2154,176.4153
151.64702,527.475,356.0254,197.10396,122.78191,15.685774,842.88275,794.6646,108.02816
151.66486,515.1675,350.51755,160.30232,143.86346,11.077068,814.4408,815.2842,136.42297
151.67676,535.54565,318.68088,185.50417,139.47984,28.11199,804.25397,785.6132,177.23727
151.67882,454.81946,357.87625,148.08539,137.93631,13.622201,1137.5657,793.3754,114.01482
151.68593,507.64493,328.14697,112.75551,147.90154,7.544189,803.72906,785.4794,133.54791
151.73146,530.64813,218.92593,177.04254,143.18484,11.246111,803.01294,792.59143,107.10285
151.76996,533.35675,324.282,121.3533,132.01251,21.199753,819.93036,748.2688,132.75714
151.8961,470.6268,338.5342,171.15082,126.692566,20.817974,814.23035,792.7188,76.911064
151.90688,506.78867,337.88635,175.65056,131.96378,7.8303313,802.0088,752.75525,168.34956
152.01823,518.18713,333.80487,130.71321,139.84427,12.542182,1129.7046,771.3722,210.22824
152.13094,483.02954,346.24792,162.42126,135.44919,7.648643,814.3964,793.81244,119.30701
152.1952,513.52966,338.45966,169.76332,156.43507,10.742084,1143.8016,747.1337,168.10123
152.32556,534.7628,345.47235,130.19623,145.27135,14.904734,1133.467,770.4982,90.5482
152.35997,499.68802,355.3309,153.85901,159.91783,10.273237,1129.9779,771.0023,102.99347
152.49193,531.9194,287.3955,160.50575,135.49725,11.396659,1142.378,825.6246,208.57959
152.53534,532.1474,348.62158,150.7306,143.94754,23.496363,809.8784,762.80145,221.49007
152.56721,530.89307,330.7848,185.4993,129.56541,4.3418355,1144.1761,772.0201,75.895676
152.60826,533.52747,325.65317,151.31017,139.79237,8.133303,1114.4263,767.54944,106.73564
152.62988,512.224,306.9615,147.12393,143.26962,11.570966,1139.483,775.69586,156.08907
152.64423,495.46405,354.01807,163.09952,137.4619,11.619179,1052.7477,779.55237,106.093895
152.65173,538.183,356.7411,193.25008,148.41988,5.6609488,818.25714,766.4719,148.00792
152.75758,539.99786,292.55618,138.38574,129.73965,18.231598,809.44293,770.0467,122.344925
152.76228,516.83765,307.53186,167.78174,156.03914,10.074903,1142.1676,773.9029,146.29475
152.7663,533.3775,295.1845,147.24821,133.2761,20.019865,811.1385,767.8763,178.89928
152.7695,471.42856,317.01688,135.86284,146.39955,11.787392,1140.7189,785.1205,166.81921
152.7695,526.82874,355.49628,178.61003,133.89742,19.581688,807.3534,779.5709,263.69318
152.78984,520.3261,341.8238,98.92904,148.99501,11.479943,814.1833,777.6631,98.61027
152.82915,501.10107,318.73038,122.8025,133.49358,11.796703,1129.4114,760.4705,172.96992
152.90651,531.60834,308.71234,177.48506,144.65485,11.286184,824.47064,787.6945,58.00424
153.1529,533.09796,288.06406,187.04907,132.36586,11.224823,1117.7793,787.7237,117.81122
153.2845,495.4312,331.0292,158.12369,159.48297,11.448504,807.25946,756.8128,104.94351
153.2858,521.32806,333.16113,123.45879,135.78136,15.055372,807.64746,777.2677,73.94278
153.34216,485.3472,314.8794,161.20113,125.48485,11.458329,829.2314,753.5876,89.60774
153.42749,528.1257,357.9849,200.06892,147.72002,21.380014,1128.3756,771.94867,131.13303
153.53961,538.4389,243.67908,161.8099,130.19753,11.984105,807.7087,776.6262,147.62906
153.55382,509.60492,340.30658,175.55751,122.87522,20.296831,822.02545,767.7918,230.17764
153.7627,538.3379,350.73898,135.96628,137.0163,8.86113,1125.6487,774.8185,88.89161
153.84953,479.36053,323.6206,159.04744,124.91898,17.403849,827.20557,771.4934,106.99403
153.8908,496.84232,350.4779,133.9298,125.57803,17.174109,818.4491,798.76373,108.727875
153.96815,510.4462,328.70212,193.26866,150.24883,7.0990677,1130.073,786.3325,85.933395
154.05809,478.34583,337.71497,148.74973,122.62743,14.960624,813.4259,783.40466,163.64664
154.14851,495.52097,330.0044,160.77457,139.05196,6.7062993,1137.3083,781.58453,91.19796
154.21698,464.26285,351.72214,118.9984,126.73009,11.64852,821.36444,791.7821,143.77454
154.31033,528.91364,306.6322,193.0677,138.28769,11.810401,1113.3657,777.16614,116.55352
154.43335,482.68903,354.01782,153.60442,124.297775,10.452707,812.4065,811.769,91.13942
154.61983,505.55014,341.70972,159.79655,147.23724,14.235562,828.2458,755.1448,118.82477
154.65533,485.65497,335.04028,150.99107,130.3452,7.9370193,1144.5774,788.8234,76.37038
155.02806,507.3278,325.3471,182.16519,124.41401,18.206223,812.39685,800.6929,172.36627
155.09877,523.03284,343.13864,186.96358,133.16667,19.484272,801.31305,762.5613,56.915104
155.1241,537.4675,356.38605,98.87663,142.18967,12.649183,1144.0614,763.8891,191.53548
155.18628,495.7188,353.28983,175.35107,145.46037,12.507515,1144.156,763.8744,177.77278
155.23282,530.9313,347.53293,162.98569,142.9313,4.688051,1127.5557,764.5755,76.72164
155.25046,533.04156,358.59335,169.86745,137.607,12.365944,1134.0162,816.5927,85.40886
155.33508,518.95703,315.02017,183.74902,146.568,11.282632,1124.605,769.60345,102.301895
155.54291,500.0818,358.9156,123.60933,125.93432,9.748417,1127.637,775.0698,116.20617
157.18471,494.45773,357.7005,127.56171,128.59503,17.197905,822.54706,781.3637,108.31502
158.49503,491.22855,346.26224,182.05737,136.9465,20.61428,807.7784,776.0376,114.27595
159.08081,507.93472,331.17892,145.04596,126.54952,16.995058,811.56537,786.4156,123.60807
159.37039,515.2479,353.10538,153.09804,144.686,8.330835,1143.8988,795.9809,180.28041
159.59383,528.0428,354.2239,97.524765,122.51698,21.227934,802.2424,795.08124,119.76635
160.50465,513.0447,345.10675,188.82666,136.67592,19.69316,803.91656,791.6356,95.55525