Concrete Compressive Strength,Cement,Blast Furnace Slag,Fly Ash,Water,Superplasticizer,Coarse Aggregate,Fine Aggregate,Age
133.2638,522.86346,333.728,198.08371,153.33598,24.695175,814.90906,772.0719,43.76722
133.49947,466.32462,292.9447,194.14261,144.31444,16.909319,814.4061,715.1754,117.67681
134.2149,520.07355,309.4812,177.13875,160.408,13.018148,1035.1311,820.7616,41.93889
134.67839,351.16144,332.98154,176.08195,145.50807,11.402449,1025.4746,811.48285,59.318604
134.84885,536.38196,285.68137,156.31403,135.94485,20.661884,883.8972,739.8059,115.78236
134.87538,505.26205,309.13284,150.33339,174.70625,9.837698,1102.285,760.7207,78.39693
135.06401,534.4779,320.22803,171.40268,132.03772,27.236876,808.5556,730.20056,43.456142
135.18889,496.84036,353.90323,125.20477,146.73723,16.495087,961.6477,736.07794,77.306
135.20076,506.9595,346.94357,119.306725,151.96953,6.4291115,1093.0038,830.5163,198.75497
135.36188,396.08475,352.81235,178.87048,131.93674,27.26502,1073.337,779.617,72.89454
135.5576,419.483,315.7544,146.90445,122.75175,14.05856,809.53595,909.6641,75.67125
135.90636,528.40564,279.05972,111.94656,150.26762,7.8040915,1140.2146,740.3756,190.34175
135.92642,471.60718,339.92667,182.46486,152.11508,17.622736,853.5279,794.7449,46.629658
135.94513,468.06064,356.89047,169.94736,142.08702,12.937608,879.868,836.908,38.881927
135.99051,520.74677,324.02914,126.58622,135.7967,8.394382,842.0529,924.3453,166.61656
136.21216,478.88757,321.22458,197.08635,123.239555,29.072298,1132.8464,768.1623,157.88356
136.23051,409.15674,355.08032,188.04184,150.19545,9.54448,1142.1874,933.653,132.28265
136.25435,506.46347,289.2085,161.48058,138.92418,14.076135,832.52026,734.0135,187.79257
136.30365,518.1895,320.81232,193.26056,131.926,10.195322,870.06146,710.85345,134.61043
136.31238,448.83228,356.65466,197.72125,130.77354,7.588683,972.7391,866.619,89.780075
136.35863,529.1508,303.08688,127.827614,132.377,27.065443,1114.1125,790.8021,123.20202
136.4894,492.5854,293.38678,185.02582,138.51216,18.478426,1107.726,870.9019,109.484795
136.50175,463.5491,300.6828,154.24112,149.6924,6.7856355,1120.658,728.26886,68.70294
136.50714,435.42307,302.90198,161.98993,133.43773,6.342582,846.3658,833.3489,88.366714
136.52994,485.6055,343.86395,149.11928,153.70561,6.27303,1109.2693,809.86743,245.9769
136.54346,522.0359,355.29715,193.3953,148.87895,20.246,966.0651,727.75226,109.3532
136.5917,477.30972,344.19778,184.82362,140.414,12.996912,836.3395,962.32056,126.54084
136.64032,510.94882,296.76114,162.93399,153.31317,12.034944,934.55457,776.1168,122.326614
136.77602,426.14224,333.1084,114.915955,144.51836,9.45558,1139.9595,830.916,48.922882
136.8706,499.66907,214.00589,126.25551,126.88684,11.580062,810.42694,807.07495,54.526157
136.90686,450.51953,334.6367,113.20887,121.831,11.933833,1144.473,866.4493,128.05751
136.9412,487.73456,223.41235,199.2646,123.09054,14.7101965,822.79443,762.6245,66.87176
136.99794,496.06107,356.35742,196.3676,132.65501,2.2828789,1098.2047,824.7095,169.17183
137.0024,495.76315,285.82425,144.46799,144.86075,17.449236,1143.3478,778.132,214.64944
137.02536,515.149,310.55807,160.79659,129.0468,26.379816,850.22235,820.52466,57.643417
137.07643,520.83826,332.05957,190.02379,153.40051,6.920297,1040.595,724.7945,42.769787
137.09792,527.41284,282.77618,189.19858,122.61255,10.65087,1039.0734,709.9144,91.21439
137.13644,460.30457,341.94608,192.81381,141.17265,18.09472,833.8461,862.07983,141.73653
137.14734,511.2213,329.6531,140.3881,127.911194,4.5922675,865.1394,819.19836,158.16449
137.1703,374.784,323.15955,150.91325,146.06334,11.118261,1084.5054,802.3115,54.939743
137.18092,480.40594,317.11392,148.35751,131.55464,5.0326915,863.29816,755.5996,98.08689
137.27872,498.0413,189.83221,179.71361,147.63583,9.438385,828.32697,787.0366,136.6223
137.28476,531.5331,337.43332,152.04742,143.77005,17.51633,1043.8231,906.2014,110.117325
137.299,458.50525,328.7755,193.87035,122.82944,10.987176,1112.7693,861.6336,54.160423
137.34526,498.10318,258.64267,188.34985,140.29845,17.169754,880.4536,763.4289,99.73704
137.35318,495.90015,329.49658,168.06905,132.61453,8.984485,902.10376,771.3289,187.13141
137.35596,372.80078,331.77798,143.70245,135.28316,19.442219,1136.3219,781.61334,141.31023
137.39816,484.39124,343.14493,153.37392,124.18947,14.937916,909.82104,873.716,47.1182
137.42458,507.3032,216.26393,150.87135,146.7936,13.032355,821.63916,780.8294,82.68419
137.43652,526.9845,357.51773,170.05211,170.39119,8.027643,1085.2488,890.1458,118.28083
137.46751,517.0305,339.7876,189.13321,129.27592,24.804827,825.6673,807.99976,249.55624
137.4841,530.0174,337.07382,139.84596,135.10672,24.738152,828.7713,848.9447,159.93463
137.50677,505.70197,359.16498,170.56409,138.35855,23.8231,1060.4691,803.73267,60.95946
137.5423,515.7211,294.45074,178.6287,149.26193,16.938963,826.11914,856.27545,186.9639
137.56058,418.66803,343.52228,144.02875,137.12466,10.328789,990.0134,783.08795,158.05591
137.57024,500.96857,269.4588,178.77515,155.40755,11.502426,848.93835,827.5942,125.89627
137.59338,472.302,317.2326,143.92404,145.37614,15.241884,1112.6654,742.6807,158.07692
137.62236,405.15457,331.60754,167.63528,147.67339,8.937679,1038.6615,804.8752,162.4441
137.64857,534.9357,282.80914,167.97574,148.58917,5.557114,975.19366,866.44244,66.27684
137.6788,512.2712,355.61523,196.18109,124.14641,14.011347,925.9215,959.34753,101.218056
137.7037,441.20776,352.44226,140.62823,129.69228,13.488177,933.054,767.65063,67.7723
137.72948,495.74902,288.52713,186.23361,128.42986,9.523069,1138.8707,725.96106,166.15823
137.76595,534.40466,214.9807,145.43881,137.4405,11.843396,832.75256,849.0303,104.078964
137.80666,535.23816,322.70956,140.4199,150.53438,9.8145,907.42395,855.87604,139.0423
137.91231,527.24445,232.75758,139.3954,138.35588,7.3171034,830.85736,765.4364,168.51428
137.95746,515.8888,247.56767,198.13815,143.27182,16.164984,825.15094,879.99817,93.839676
138.01982,534.52356,309.74026,169.71295,135.48555,18.623276,851.2365,760.33014,202.8512
138.03725,537.18384,303.0702,134.05237,128.69957,18.9734,1128.5056,819.4715,52.350536
138.05125,511.29068,331.41663,139.46625,127.561134,8.9429,1120.5815,907.2343,84.06437
138.05641,527.70087,282.3928,141.3913,142.58965,11.339653,1098.2833,918.7006,99.80624
138.08629,501.13403,327.15723,135.1478,135.07811,17.694992,1020.99866,823.064,87.90951
138.25847,484.98804,266.48465,163.63104,163.19728,11.488851,1134.6232,790.53937,132.02995
138.29454,514.05273,299.56833,139.7738,132.4478,16.570253,830.1494,934.91425,101.85046
138.2984,531.2052,303.77884,142.5917,150.71233,6.3899145,1114.6603,928.1989,123.40847
138.34036,447.59894,338.16528,147.3075,130.60054,6.9118013,1073.9618,816.2131,121.16745
138.37387,388.84653,327.81906,198.882,148.01532,15.4081545,1025.654,784.7902,88.74764
138.37968,485.59946,347.24622,166.40794,146.4017,6.359517,1078.1473,877.6151,215.08237
138.38924,484.06406,271.8562,197.68571,134.19182,14.739848,1003.25543,834.89624,109.29088
138.40778,507.63565,352.04846,115.91779,122.341484,15.043142,827.22156,823.7968,29.613806
138.42441,476.41257,313.89954,174.57976,156.11076,9.696537,857.6173,786.6615,55.16051
138.44498,424.93616,326.23572,190.42056,124.561935,19.037785,1072.0883,811.9358,91.76001
138.45059,471.39496,353.8381,160.04076,135.52638,17.484013,1125.1665,846.01715,60.15425
138.46703,442.06042,352.51642,154.73125,125.693405,24.115755,802.1942,845.8817,156.83797
138.48985,437.9198,343.39752,187.13446,156.88895,13.394913,1117.1925,756.0093,192.58604
138.50102,520.3994,347.72424,155.13103,142.60378,11.663567,960.7574,848.04285,198.7883
138.54117,366.2395,354.67926,181.39354,157.76352,14.540884,1140.208,864.81525,142.50494
138.55032,516.99817,359.2509,123.15443,142.40056,10.994211,944.7143,756.5132,44.389744
138.55522,521.09265,343.03992,184.64464,143.26073,2.6721323,1060.8357,937.606,163.89465
138.55666,533.06616,341.367,76.40064,137.75093,10.899857,808.6229,837.1112,132.48982
138.56082,470.88742,349.61218,175.22713,128.16748,13.25889,952.3037,734.39124,121.60448
138.5649,538.3152,291.42273,175.73474,140.2625,21.18095,876.9568,772.3009,111.71216
138.56708,526.95465,282.69604,141.35205,151.47589,7.498694,1047.4453,754.22266,52.864044
138.58562,500.3335,327.9926,188.52588,130.39815,12.664578,982.00165,761.8992,30.820547
138.61487,433.28876,330.45258,170.88011,158.75748,2.6697357,1116.4156,780.75684,92.955086
138.6371,534.7621,260.4998,189.45576,133.80307,16.806017,873.38763,811.3187,58.6265
138.6657,536.2967,234.652,169.07616,123.443436,7.796478,845.43085,826.2455,145.33366
138.70021,509.3743,281.5645,186.60393,126.46338,7.0138826,835.08466,815.4569,38.113
138.70787,503.63965,300.19547,152.66328,131.1498,7.524547,874.54364,787.19403,173.64026
138.73264,484.48752,330.12112,159.69319,135.02068,12.961764,1120.0621,784.4742,249.28441
138.77734,410.28564,288.59103,181.33496,130.89659,11.660727,879.23444,748.111,112.824936
138.79402,517.2911,257.92062,195.39621,149.18605,9.429837,1121.0654,717.53687,89.9978
138.8058,488.44043,336.3061,115.287254,149.51683,9.773109,1133.4528,816.7311,182.29697
138.86707,484.82663,354.9033,179.19089,125.3459,7.87443,842.69885,844.1699,256.0987
138.87843,482.28613,344.2366,114.32314,145.96959,6.45648,818.2466,792.7583,171.29744
138.91548,415.98785,303.2203,179.97685,127.45038,11.972277,1046.8396,818.624,157.99295
138.93367,496.92957,241.53482,181.63889,125.597534,12.195155,824.59534,956.7267,107.194374
138.9529,526.2611,252.89952,194.3694,144.22269,0.07871302,828.34674,831.0507,112.58545
138.95966,539.74963,356.37613,180.85052,149.06854,25.675085,860.24225,809.5864,61.435253
138.99391,427.56516,348.64767,170.93889,140.17386,19.192976,870.1383,772.5872,111.110085
139.03056,534.69226,290.85532,154.16777,148.34691,10.292172,844.1432,858.43134,189.07385
139.04123,504.9616,281.824,160.06876,130.70114,14.894774,970.0901,825.45074,108.406685
139.04608,523.2429,358.07965,121.22516,128.82576,11.457749,1061.8156,857.4669,195.18877
139.04799,376.15634,343.2963,128.60527,149.35228,6.10255,1106.4379,778.6469,90.92671
139.07076,482.0109,313.62015,139.68098,149.22626,10.752378,874.5126,807.41785,64.27342
139.1093,530.40826,287.23895,121.27571,151.24718,11.581007,1039.6174,753.324,76.6795
139.19789,488.80212,343.29648,195.37108,146.14241,13.667227,1072.8671,714.0948,69.288925
139.23799,457.30997,324.96988,197.23215,137.72467,17.548225,1036.9146,807.06476,82.50062
139.24675,484.57382,298.59915,184.02707,150.09242,10.05411,954.10675,773.43036,86.70596
139.258,537.06586,346.522,165.15782,145.4569,2.4275334,918.98505,884.9899,99.08456
139.2914,506.40204,301.68686,124.82196,147.85999,4.6487164,1137.8251,826.26105,55.440224
139.29941,457.5231,354.3604,179.7505,132.56055,8.805141,1050.6309,916.7187,99.01604
139.31514,467.33188,340.9375,177.33603,133.0445,17.039675,1020.32245,804.34467,49.917747
139.32274,434.4633,292.5274,173.1523,149.33304,10.697048,1095.5123,808.20825,158.16489
139.32848,471.22726,334.02963,173.83955,129.20995,13.704451,883.18896,891.5135,60.860073
139.33551,412.23004,329.8662,164.34225,146.25096,18.501923,1103.2947,771.985,85.104614
139.33612,421.17932,355.94965,199.52505,124.25556,11.622059,853.2263,899.3489,181.29315
139.33888,397.24063,306.20197,183.6464,134.1054,12.105616,825.1554,749.70233,153.33173
139.35144,530.15576,323.1594,189.10115,143.55849,8.634236,1004.8307,944.7499,93.606186
139.3928,481.8251,281.4036,170.25392,126.86536,5.417129,815.72266,914.7851,104.750046
139.41006,522.77386,347.18057,190.42712,155.49557,17.9916,879.23615,752.66614,85.592705
139.41237,538.466,322.9577,172.84372,131.66583,16.15121,966.87335,882.17615,157.74258
139.42041,436.27032,288.58307,195.07175,126.63717,17.637318,841.67896,832.7675,78.62407
139.42612,514.89325,275.7523,189.83379,138.0988,5.8299956,1051.1052,856.3921,156.81236
139.44794,483.7101,305.5313,178.11673,140.81381,6.330534,1065.2434,856.8575,171.26378
139.4871,535.07764,346.05566,167.54492,175.93367,9.477559,1074.5508,775.2452,141.48648
139.49213,464.56177,270.6537,173.40363,133.83247,11.594739,838.77325,816.09546,178.32762
139.51248,416.1105,354.0548,156.2486,134.87263,4.0111594,1136.3763,856.4639,132.49368
139.52658,524.99274,292.66992,187.19405,132.37964,8.742778,874.1253,883.4128,145.94876
139.54703,538.6302,323.29883,198.31738,135.88419,23.779465,1143.2257,859.4719,184.3455
139.58542,522.90497,253.71895,165.70477,140.91245,11.2460375,863.7118,832.78284,103.36893
139.58836,533.55133,351.66138,133.42413,157.00183,4.6279078,1136.3169,740.3344,226.88655
139.6167,515.55286,278.1444,152.56444,131.88417,13.364162,1106.1316,843.00684,64.68146
139.61934,405.9827,346.0879,181.97023,133.45029,13.816864,1001.1439,889.6673,107.90573
139.65454,490.79083,359.18286,110.31743,141.46219,12.08148,843.2419,836.68604,118.63588
139.72318,438.16724,327.72232,157.51915,122.245316,9.01576,827.76416,910.41583,105.263054
139.73155,527.20764,337.45193,191.70589,136.27872,8.026642,1081.775,911.6483,57.768246
139.74718,537.3924,336.04947,166.56299,134.56876,25.385054,868.41125,792.572,131.20824
139.74911,481.63324,353.57333,195.01465,146.89394,10.557698,960.9423,913.08795,79.48078
139.7533,505.4253,282.96994,138.15721,128.14139,11.851254,1131.5979,723.4139,116.6427
139.75809,440.72528,340.98932,193.81299,154.4524,9.808379,1056.612,816.27686,76.45524
139.8064,528.9139,330.10254,137.7786,162.33621,7.0065446,1019.88934,793.75397,108.760994
139.8606,502.6203,354.10852,168.80968,143.85793,8.681223,987.1312,883.3632,204.06264
139.86919,494.74673,228.13963,176.62668,129.45932,6.484994,829.8411,796.6236,88.458565
139.8971,506.33612,318.03128,147.48068,155.93364,14.062,833.7679,799.2169,62.957165
139.90584,512.61786,343.14285,197.88464,152.85867,21.978916,809.56323,814.58154,89.84247
139.92157,456.59354,328.7965,145.15988,131.10506,10.27773,870.5517,746.6011,98.77498
139.92224,482.26477,347.848,139.01411,130.75586,11.141375,820.20734,882.9695,195.01791
139.961,539.60376,357.3175,189.07153,162.67635,10.9929495,1115.0942,806.3812,334.05273
139.977,499.46658,347.72693,179.79582,151.92874,10.524533,901.6436,741.93365,162.28749
139.98055,503.79144,344.6375,166.52899,144.95374,12.317635,805.5961,765.64594,265.1387
139.98566,441.0127,329.90643,141.7063,144.0031,15.403134,825.5812,769.5292,44.13282
140.00128,537.487,333.47275,86.06224,124.273735,17.780306,823.3447,785.8746,153.14696
140.03119,539.5423,298.25134,172.4866,148.86552,26.030212,808.7919,772.9258,81.92325
140.04532,526.97064,287.26077,155.79146,137.90335,3.9758773,841.618,854.43567,170.68251
140.04568,487.2252,357.4937,158.01375,154.35078,16.623466,863.23553,759.59937,78.83031
140.04654,537.48315,324.96817,129.72379,125.558655,10.918844,1112.3516,863.1839,44.96574
140.06291,524.382,346.7751,194.25761,124.823524,7.9410577,1118.4219,853.4035,33.434082
140.07309,452.33435,338.3435,175.88925,153.36292,8.04849,1043.0049,840.98517,89.53619
140.09837,533.297,302.88232,192.00371,137.84363,9.601499,1127.3656,765.89746,327.91742
140.10786,537.7512,348.24463,189.9075,126.11505,8.079783,934.28076,923.19965,86.18339
140.12128,528.6278,276.87073,193.11255,148.83272,12.236088,948.84863,829.2418,98.60221
140.12463,486.27148,265.40433,190.10005,134.16159,16.947412,832.51935,870.8484,104.436455
140.17615,496.7775,337.61703,164.93832,131.26974,5.208044,827.4555,945.58875,81.322624
140.18463,525.65643,324.8078,191.64737,155.00072,4.19157,1064.0311,841.19794,166.8359
140.20334,517.5812,209.40843,191.23633,126.49771,8.8089285,816.8726,809.0932,111.998344
140.22052,479.5469,270.8847,155.6135,149.95892,5.8295603,819.556,802.61127,109.266304
140.2582,537.233,351.8333,123.25804,138.21658,11.07884,816.1195,963.779,126.92569
140.26288,514.9218,264.4411,169.54305,157.82939,8.075557,1109.0413,819.66016,100.12499
140.27306,442.99582,335.5875,191.6799,132.79283,11.432006,809.1457,898.48676,163.72043
140.3474,521.39984,280.8334,167.51279,137.45743,6.1462207,889.5992,792.8173,58.860477
140.38028,527.2539,248.85938,155.39928,130.27306,8.819343,801.58527,898.34344,137.67218
140.38202,469.75665,309.28674,108.83062,145.6738,11.222377,1129.0352,805.2415,81.53474
140.4119,487.3341,302.00797,158.08156,141.99681,9.324074,1103.5442,734.4094,63.765583
140.43326,402.17197,342.2507,172.2744,148.33435,16.107424,1114.4288,816.5113,148.99184
140.43454,538.6863,300.86154,182.83313,160.89093,7.426219,984.6411,820.59955,90.03687
140.43605,521.6767,335.15833,180.51619,128.31433,11.761441,987.6074,984.2751,106.547066
140.43867,535.85187,321.3427,170.27505,143.84038,13.535754,1052.5415,936.87305,117.6865
140.45863,468.12085,341.59006,153.57538,130.24162,14.73743,1104.3685,859.81323,76.6442
140.4594,463.7867,352.3574,198.01309,148.63525,17.035713,1058.5833,825.72675,89.36923
140.45992,526.20917,304.25095,110.173645,121.93509,10.674711,824.4676,835.7471,144.84247
140.468,534.53326,348.39505,198.61801,139.47527,15.888409,983.31226,715.3638,106.08295
140.50717,527.31195,293.8048,124.77273,131.22707,16.571453,1054.1576,792.43463,85.61201
140.52725,539.40015,307.94864,175.13684,144.75972,2.6904442,1116.1873,711.8185,75.03187
140.55739,507.34235,327.8772,154.56625,131.66296,9.960284,1124.9818,712.5078,97.29851
140.56769,528.7964,254.15103,196.9797,124.99808,14.944854,851.9939,817.89417,47.996815
140.56825,516.79724,281.7936,141.09843,134.67209,9.646672,1112.3435,733.54205,78.66133
140.58356,506.29807,353.68683,177.98462,124.03572,13.10671,900.9685,946.09375,92.709175
140.58443,525.18054,352.98392,173.94086,133.27951,21.876629,847.94305,870.70685,140.73593
140.6118,470.6129,356.82007,151.18417,135.74728,17.713234,845.0918,731.9974,119.855034
140.64055,537.26447,287.8295,165.34935,136.94936,4.410557,1124.3043,887.76294,196.78502
140.64182,497.40845,359.27365,118.84609,123.03027,12.388883,1087.0449,804.6282,157.41649
140.6719,503.53256,313.7595,192.92761,124.55606,23.893322,994.9177,777.195,99.0289
140.69797,387.26562,329.82425,137.12814,126.93098,15.025904,819.3122,787.06165,87.56294
140.69983,449.95633,306.12112,126.38957,124.22071,17.021414,821.5883,790.99365,67.58061
140.71179,532.8134,346.9971,154.3675,135.62526,15.835158,972.1839,885.1636,141.22115
140.71991,515.0044,220.35217,194.85335,143.52696,7.598917,825.5382,865.9024,137.5919
140.7252,389.40347,311.79288,184.25992,136.14497,9.814411,1107.8335,761.4245,107.135765
140.74376,518.5595,355.92307,183.96007,150.99359,8.229405,1138.817,693.19653,166.0856
140.74545,412.7169,302.92654,157.55922,128.61116,12.266824,845.3281,844.9225,91.146126
140.74968,484.79614,358.5521,133.19469,146.67773,14.46525,923.9239,754.2765,93.77784
140.7808,516.4929,272.74762,163.45348,136.04529,14.135114,870.43463,777.38934,72.23215
140.79614,479.5885,326.25684,195.50938,140.06781,10.556946,1085.18,911.7209,111.637794
140.79715,536.29407,326.85306,104.97335,145.60136,4.9221873,1140.3752,885.7452,150.16124
140.8198,527.15955,290.66345,165.52203,134.5115,24.909689,822.30206,768.9745,122.98359
140.82646,505.75998,321.00452,195.0386,134.95352,23.942568,1130.9014,766.7854,124.65548
140.83241,522.6853,328.48608,196.45247,134.22993,5.710842,971.91003,774.68036,143.70453
140.84206,402.33423,341.3801,164.22179,123.16668,17.736715,1127.4149,787.9233,148.80832
140.84357,521.0503,355.09778,107.61034,132.1775,5.2956543,1133.1755,798.6165,149.83754
140.87627,497.10995,297.2881,187.32442,137.2331,7.400735,988.4202,873.68396,127.69798
140.87822,514.23206,331.03366,139.13057,129.43616,23.019878,1111.8813,795.8463,105.30341
140.92485,471.77664,337.1847,170.97704,150.09549,19.589794,1120.1609,785.4241,77.9861
140.97362,503.49933,357.22534,196.9299,124.79515,18.409649,1066.8502,841.3392,195.1126
140.97557,508.73904,295.3579,197.11534,132.77153,16.78273,1094.9885,769.4494,158.29099
140.99393,509.9077,351.99985,148.92833,128.62492,5.492598,1060.3976,738.09283,96.45319
140.99529,478.1135,323.77573,131.87637,150.4933,10.737868,870.3524,765.18317,71.90002
141.01428,512.6389,344.06824,187.71297,144.55652,10.5490675,878.4928,797.98926,244.32118
141.05887,517.4874,347.65912,165.87695,146.58537,14.231264,922.40344,735.91425,119.704475
141.07803,521.4129,242.28915,180.50902,146.7462,2.125753,1087.4044,784.22675,74.11588
141.08391,515.2378,318.9187,190.22662,127.36464,8.31216,940.61743,773.49603,141.99568
141.10866,533.0817,266.74878,197.43866,130.23984,11.279516,805.0063,790.4788,248.20697
141.11781,533.83203,259.5796,182.58829,133.35744,24.953468,807.17737,766.20374,75.1067
141.12315,532.6822,328.76532,180.27547,173.59221,5.181048,1105.7272,757.67316,177.52647
141.12897,531.5697,353.2967,157.7046,167.2697,3.151308,1068.5487,777.9773,70.41573
141.13841,465.05005,346.73712,116.98682,130.44115,12.440149,1069.2756,786.4422,103.57622
141.14293,535.0004,357.30472,191.11293,141.7305,16.423502,835.0752,940.1191,149.06093
141.1522,515.4098,355.0192,151.50731,152.81064,20.657228,842.3461,800.7579,106.116615
141.17493,536.8402,347.91248,181.83694,134.5524,16.22458,970.5411,822.4316,217.83122
141.1822,345.7635,347.05737,189.04616,133.35574,14.347153,1139.1741,751.2344,127.70973
141.20369,506.42163,320.6048,176.44104,130.04474,4.764366,1062.8524,855.66583,93.35697
141.20787,464.23526,293.681,147.25157,135.32558,11.393912,1048.5272,826.4371,106.92447
141.21292,491.36935,356.65497,151.64189,126.873856,11.188421,1042.0295,890.9284,60.903305
141.21811,507.23892,250.43805,191.31392,123.20333,16.793167,1140.0018,755.0643,82.831604
141.23373,469.33957,345.6615,156.4133,135.35077,11.091009,993.1524,852.958,160.39952
141.27197,418.02725,339.7575,196.87666,132.1046,10.735204,991.976,794.14813,117.59877
141.27864,499.75488,337.93152,181.28168,125.9318,23.698406,866.84784,822.36145,158.39545
141.34038,497.8447,300.78397,173.67157,148.6827,8.265054,892.20197,809.16235,90.53924
141.3559,415.7312,305.90768,191.0264,138.2424,7.7265515,806.8481,819.3209,122.63056
141.3581,486.839,305.76913,168.38112,128.60959,14.224517,1019.1748,869.05273,100.13227
141.36827,494.81036,306.59836,151.17725,148.57185,8.796937,1143.931,695.2338,80.87249
141.38289,536.92737,339.79794,140.18906,146.22662,23.586592,838.2611,747.84644,105.665924
141.38805,513.408,348.7016,189.09929,150.54857,8.709404,817.0296,811.5556,33.593204
141.39432,415.42844,309.20538,193.09201,143.14537,17.085388,827.5167,775.509,114.46802
141.40233,527.4784,341.9891,146.7809,129.43903,10.544523,833.39325,971.37646,130.01892
141.41553,534.3363,350.94818,121.58045,127.09723,12.359287,1040.2965,882.3407,64.64604
141.431,513.6279,354.93192,164.09706,128.01955,12.772957,1019.4605,870.6707,201.19017
141.44682,502.19333,306.2124,194.04779,146.726,16.274384,1122.8109,874.975,141.07451
141.45882,408.4814,301.4784,174.18672,148.6197,7.80634,1076.8691,773.1602,86.52468
141.48041,409.3425,340.6545,144.55441,134.29788,9.490614,1126.5127,787.46704,155.7075
141.4947,538.715,321.5775,176.65515,142.53123,0.7150889,814.5163,806.7075,178.07901
141.4953,431.5232,304.34253,123.94771,142.55865,8.665966,823.2434,787.28656,89.13283
141.49742,528.1414,301.60962,177.88109,122.71189,7.455867,854.7026,728.7973,120.89768
141.52167,539.99475,246.81606,144.83507,145.67915,11.96412,839.1843,744.47974,101.771576
141.5316,450.08,340.42883,138.34279,138.62437,10.478089,813.5308,880.3298,127.882164
141.5421,483.98663,359.13913,98.485054,136.76714,13.978121,820.97925,797.8304,78.53799
141.55,501.15738,351.70874,185.27121,135.71324,5.473445,839.4,951.695,120.66619
141.55057,532.3792,288.98166,180.4112,138.83813,3.1543758,1008.5426,798.9999,63.029087
141.55566,532.1642,296.66302,192.1216,127.95998,8.832443,935.0432,754.5606,74.19371
141.57379,490.02646,317.52408,176.38638,162.48047,11.236076,1091.7238,772.6766,179.34436
141.58066,503.21704,235.69878,181.35297,133.43033,11.691847,836.13605,892.5712,77.133095
141.59341,538.3439,260.10626,181.30867,128.18735,3.2847106,812.46814,943.8518,115.95522
141.60976,401.82666,354.7886,160.61075,132.69183,20.325176,819.8302,781.6875,123.5529
141.61281,527.2736,293.49896,180.17786,122.64804,18.961046,941.0126,795.363,92.58036
141.62733,514.44867,351.79776,159.81711,146.01634,10.442842,1014.27985,708.6228,157.2648
141.63737,479.29523,270.4781,172.65643,135.10278,12.747539,850.7569,789.96796,153.9058
141.66579,510.4642,356.49664,184.82123,157.94202,13.71979,940.623,788.3153,81.71789
141.67807,477.78598,285.62466,140.957,126.38335,12.322657,1111.7092,816.5865,88.050606
141.68478,536.54047,353.62708,134.42775,135.48979,10.03288,944.1586,730.74146,54.644512
141.69075,436.6193,356.73926,171.31377,146.1132,18.028835,1072.7137,748.0422,95.745514
141.7138,462.93057,326.44382,191.13513,160.91531,4.61777,1127.4513,757.08185,110.03832
141.71815,459.74124,328.3542,179.5349,143.09929,11.279034,815.9427,905.79205,122.70568
141.72424,538.33606,307.6017,181.49913,164.87392,3.4870336,1065.2134,748.88116,150.45888
141.72826,458.06113,326.8868,143.29782,147.35223,12.694451,1055.1517,784.393,130.81047
141.73833,501.59875,318.0965,184.9235,155.62015,12.263159,1020.6558,820.05365,127.0995
141.7473,510.6797,332.66574,180.05534,141.60826,12.651178,806.50287,691.7134,129.98044
141.76875,475.4587,335.68915,133.8027,135.68535,10.153423,1045.1852,775.5313,45.697254
141.7697,511.0546,358.0632,180.99777,124.46047,25.94222,1063.0914,745.3228,79.76693
141.79024,498.14304,324.76495,145.56793,145.74849,16.771837,853.6659,814.23944,95.9345
141.7903,527.9068,358.292,119.22429,167.91939,8.728541,1088.4973,756.2898,85.5332
141.79471,537.2412,269.9551,132.37347,147.9101,9.244071,834.16144,828.2557,74.98332
141.82475,437.77145,342.1825,168.16052,121.8493,19.252739,820.7927,878.2092,113.92174
141.83401,533.49524,314.1819,171.92656,162.43242,5.3111267,1094.6204,773.3179,185.13019
141.85045,522.5693,346.23535,186.97165,121.93795,14.992733,820.3125,969.96985,61.698963
141.86798,528.8106,299.61246,195.36012,133.39948,2.9038482,1108.2046,785.5496,205.6358
141.87157,484.16666,345.3779,178.08194,132.8552,12.193994,820.33417,980.4814,129.59831
141.87259,524.1437,249.71857,198.56683,140.92247,10.070247,817.3592,834.9917,105.76372
141.88965,512.01245,257.04633,177.06212,126.44962,9.422498,1048.0618,788.4217,120.97511
141.89355,490.06,324.08954,148.08177,137.9308,15.323697,1137.351,822.27216,61.688107
141.89497,504.09146,287.42505,177.88286,148.94147,14.457351,1140.2322,888.2882,174.81506
141.89795,472.45636,272.44504,136.30267,135.0455,9.367542,801.926,776.4347,160.4021
141.91258,436.28503,350.13403,157.89969,134.31294,12.889509,838.20386,888.98065,75.87556
141.9279,535.3477,351.28387,176.4335,130.49318,5.269994,1005.22705,728.8082,111.138435
141.93597,481.9653,340.72067,199.80122,165.29247,9.353895,1137.3262,791.7494,185.86397
141.9363,455.65494,314.83795,190.04001,134.61708,16.386229,865.1802,767.4159,117.65197
141.96202,511.23663,264.26608,128.38315,128.02393,10.115073,811.63367,845.8926,114.261894
141.99147,508.91455,313.6168,186.70067,125.976295,5.456973,821.69,775.0384,195.53433
142.0046,436.47412,344.66373,133.91844,122.02712,16.030455,1115.3344,787.1791,79.99856
142.0112,507.7885,279.43045,193.26067,136.31842,1.5195223,827.3916,772.57367,105.154655
142.02406,466.9594,304.41467,197.31511,150.75241,10.988424,1116.1748,819.2405,177.96306
142.03238,516.40265,329.27325,186.0664,125.45621,12.697382,1000.8855,768.31415,218.05815
142.0387,443.61688,322.96613,199.74232,141.20326,9.835761,1125.9248,814.3407,148.41565
142.05623,501.86768,238.45464,179.61415,146.95421,8.754611,1115.3164,850.2522,105.34135
142.062,528.597,295.74838,186.51778,140.74222,15.860928,976.0588,797.7735,104.4046
142.07838,521.56995,335.19968,161.85542,149.8493,6.1196303,879.85156,793.7966,64.53362
142.09544,527.7526,306.4864,179.30313,123.15763,22.044004,1136.4635,748.6905,91.43247
142.0999,525.4976,304.89493,184.92493,126.37423,9.060178,922.0593,787.1051,76.33621
142.12341,531.9448,296.71933,157.30295,129.33846,5.1988206,816.49146,905.9522,121.576126
142.12912,471.2533,309.69315,178.41362,129.99481,14.824514,868.5153,801.94855,150.72925
142.1515,483.50327,259.34293,161.12608,137.78793,9.36309,811.36475,739.5481,66.238716
142.16646,534.91376,251.40498,187.21979,143.89801,13.775276,1076.4431,766.8266,128.85529
142.16966,539.1526,317.82175,157.36197,125.08638,9.701609,931.12915,739.7632,82.108536
142.17006,466.80087,341.1025,146.96121,145.79198,3.6376202,1087.0033,784.864,92.546616
142.18176,485.10043,341.11035,131.2944,122.063835,13.092917,811.44214,706.4823,104.92334
142.18814,532.1325,294.1865,167.18718,147.14133,1.1965417,1092.3174,835.96423,133.89235
142.19493,511.20013,332.16095,165.64278,147.68394,9.446296,1000.04114,848.8053,58.119602
142.19969,536.0193,291.93005,152.37283,142.68251,7.7729297,1079.2867,766.8862,186.71898
142.2036,534.62244,324.15692,178.61998,122.5956,8.221047,984.5999,883.85126,82.57436
142.20612,514.24,313.31888,137.72165,122.428986,16.22003,1113.6069,841.87006,98.71837
142.21413,467.3259,343.7304,151.73247,149.32625,5.1452117,1117.0752,802.95825,172.08109
142.21716,520.09845,321.48422,194.60535,145.5771,0.1810916,1109.4543,833.08484,188.90096
142.27432,528.7799,355.84512,163.3348,148.21193,1.7336826,1110.7123,715.6413,146.83517
142.29205,530.53564,325.9011,141.03438,131.23843,5.4975934,813.09985,918.5768,105.61023
142.31029,497.23044,231.28648,179.09985,130.8163,12.633323,1141.6581,748.11194,83.59363
142.31932,531.67566,328.63705,177.37231,140.4174,19.085487,1098.0369,759.46704,126.10702
142.33798,530.43317,325.34445,185.42569,126.517044,6.2395806,1056.3608,775.12695,199.42436
142.34286,401.71918,298.97153,163.88779,145.01538,4.0861797,1143.5717,748.3979,127.013176
142.35635,524.6253,356.06577,110.53005,122.84255,11.6083975,1010.8017,812.32294,131.01683
142.35751,533.8211,320.06558,149.93701,160.45872,9.393639,1040.1783,808.0191,87.569145
142.3704,536.9412,302.72003,120.03521,154.89246,11.213967,824.6954,809.42267,119.83472
142.3783,504.3153,258.5362,185.47746,131.91737,13.171478,1118.4558,839.7068,123.66599
142.3795,518.17816,337.8028,140.39742,151.18027,10.938043,971.72504,782.8381,57.604042
142.39049,516.2551,341.0915,197.17711,125.384,21.42134,824.46106,752.7457,227.67201
142.4042,424.17142,341.28,161.94978,135.17346,11.48494,827.69885,879.66125,164.45668
142.40576,511.96368,298.26404,183.1787,128.7011,14.094533,1007.62335,816.32404,54.248306
142.41199,460.53632,279.41525,177.42223,134.73756,8.68077,1067.1531,765.4556,86.56628
142.41254,505.9741,357.4407,176.99142,128.09854,19.244236,847.8619,715.10675,96.84294
142.4179,523.50714,320.2699,120.287895,135.40886,9.355591,1097.199,757.1493,78.64072
142.42136,480.3699,325.0398,198.07324,156.1051,8.267266,1105.3646,822.4081,121.92264
142.42456,531.4809,335.061,162.06442,167.29442,8.849967,1115.2867,852.071,120.282196
142.42517,512.05286,351.90674,170.76077,131.75969,5.168022,911.7402,819.3473,96.90418
142.43408,515.6834,293.84558,175.91396,153.38603,8.513696,1094.317,746.528,58.969994
142.453,487.54337,265.49454,148.00725,135.9512,6.1533127,1119.6294,759.73376,109.592735
142.45811,509.58658,279.66992,166.88658,141.10757,5.8705263,1108.0627,848.14764,129.195
142.46317,453.71985,358.20108,199.87054,139.85573,14.939431,1098.9327,741.96277,123.95507
142.48294,497.95828,351.91174,129.49146,124.42627,18.091043,1033.2002,799.39825,89.53706
142.50847,422.95657,355.72958,193.8368,122.558365,18.90394,837.919,778.4602,177.1343
142.5085,481.35452,301.46844,190.10303,122.01068,10.98456,1044.9155,790.3507,176.03307
142.52675,415.86685,325.41983,179.1512,132.36362,14.031666,1066.7368,755.15594,105.89992
142.59192,530.4682,352.39655,194.55946,124.416954,12.7376,1031.6123,697.0781,117.1104
142.59262,481.7872,297.45474,192.11444,140.90662,14.81288,857.51526,798.0603,83.794044
142.596,491.40085,273.80948,169.78758,139.26283,6.68923,1133.6984,753.40845,170.37975
142.59874,538.9294,356.62784,193.97868,138.3622,19.461239,844.88654,919.9052,103.823975
142.60234,530.2128,331.4088,125.3247,134.33417,4.4968905,1109.6372,774.0268,70.719765
142.6031,497.134,274.76196,189.05583,139.28896,7.384659,1111.386,858.171,108.016846
142.61249,518.20404,357.71948,178.34604,158.11707,7.254354,986.0282,842.2025,144.36617
142.61897,523.1254,330.08084,143.38591,153.34364,6.9227633,1143.9717,700.8503,76.76687
142.62567,478.73413,337.20557,90.85795,133.80379,11.604994,807.1839,758.9414,82.62104
142.63445,538.52,296.456,180.16478,151.8492,6.3613377,990.2846,852.5365,110.283325
142.63483,428.31128,350.52893,165.2674,131.40579,16.296608,1021.0991,772.002,99.36596
142.63664,525.30164,353.42902,155.16486,144.09268,18.623209,985.4699,768.0787,123.34304
142.64265,432.86734,335.04324,169.89864,133.62094,8.996951,1061.5371,794.19403,99.32416
142.65024,512.4127,348.82196,177.13416,131.74104,13.449332,805.0366,948.0497,191.53563
142.65305,528.8764,224.30228,190.79327,143.26375,4.243133,802.56384,784.43256,134.32867
142.66414,502.3683,350.09778,196.13078,122.793846,9.810712,1099.1826,883.7207,112.795135
142.66734,516.68854,270.77945,178.98697,139.53975,5.158171,1130.6019,745.3547,186.65967
142.68623,521.3971,352.18942,171.21297,126.31557,5.670844,995.9744,811.1264,167.97336
142.68849,358.26718,350.3678,179.74988,125.32398,13.533347,1126.531,783.3298,70.3308
142.70782,502.2175,303.74884,155.35692,134.1626,18.297567,853.4121,764.3381,131.97952
142.70793,454.64703,325.9844,168.90851,125.698875,10.876029,1070.2736,810.4368,124.18168
142.71085,534.3457,217.28343,179.53542,127.2088,8.225536,1130.9427,778.32477,124.60832
142.71527,507.1055,332.7565,140.97589,140.57497,4.2171993,802.8424,853.29834,85.99466
142.72955,487.90323,332.50555,190.99023,150.91075,14.664387,1125.5076,834.8218,58.40891
142.75533,485.02917,329.49762,166.46747,125.96202,9.499921,828.1238,950.6325,117.77886
142.7958,536.0946,347.32996,130.46883,130.41698,8.071199,967.2557,757.1798,81.2049
142.79704,533.7244,297.99515,190.46089,146.41551,13.316254,1046.8673,837.6103,187.95619
142.80444,450.37515,346.68167,178.63557,122.32792,22.294365,817.18695,779.3017,161.46722
142.82173,530.44366,309.8651,121.70586,126.821915,5.083208,1138.8113,822.99786,96.455154
142.82822,481.94128,356.36865,160.80676,132.72835,6.572395,998.6433,837.84155,93.467545
142.83173,454.02536,288.86258,175.96674,136.4359,9.140172,823.9418,768.7036,46.48803
142.83662,504.09497,345.2444,186.52461,151.03897,10.142347,1102.2479,787.9137,262.35086
142.84903,509.67346,332.09235,200.08168,136.02515,6.79368,845.74084,908.2559,173.36932
142.8616,514.0694,330.96603,175.14075,145.36592,0.8219307,1116.9899,845.8481,69.98726
142.86218,535.13245,279.00082,176.89523,157.70555,3.6853116,1119.015,752.29236,72.681625
142.87875,512.1005,334.6347,174.03607,131.0249,3.9907744,835.00684,837.5148,57.78249
142.88205,468.5494,348.63763,191.1506,138.4463,19.465294,1114.5918,755.5061,129.29607
142.8942,426.8345,358.45966,166.2897,142.13972,8.614072,1139.6797,826.5462,238.76204
142.91588,537.051,313.6787,177.81758,133.25937,12.171797,804.51953,992.06366,135.2317
142.92432,517.39496,323.4756,198.62604,141.02617,10.789205,1047.0123,814.3794,215.39496
142.93892,501.60498,295.03256,188.03421,138.68367,8.832318,839.19495,911.00775,130.72212
142.94037,484.6439,320.534,132.75134,132.72537,9.642541,1128.0627,834.86743,93.62093
142.9511,527.5524,301.2582,191.7992,127.1171,20.074276,1124.4885,807.0226,173.68765
142.9594,439.1698,295.93246,175.97227,143.99971,11.876904,1139.2168,789.2807,207.06847
142.97935,538.0305,342.9459,145.75989,158.34845,6.1968565,1010.4714,755.0036,88.67363
142.99365,537.02136,354.5203,168.73813,149.92043,23.587471,814.90204,753.1065,140.23787
143.00955,524.6879,305.77206,178.24255,147.48283,17.04952,1103.1495,806.6258,157.45877
143.02121,520.60895,256.38806,155.76869,136.75104,16.698463,801.72186,794.1533,137.2362
143.04143,464.86444,326.85776,193.98257,128.1746,16.599379,978.0702,788.3118,106.11376
143.05391,526.2866,358.88333,161.77808,146.84268,2.1048248,824.6757,904.55804,94.29535
143.05946,478.101,344.24118,149.64388,140.11954,13.633602,822.986,747.57764,185.00648
143.0596,464.8102,322.6203,175.7523,136.19044,15.212267,864.3564,762.54254,114.25123
143.0655,467.87216,293.49567,190.0107,134.78545,5.439301,1134.185,838.62866,111.18531
143.07193,423.65732,355.44595,196.95512,133.53581,12.496434,1028.7117,857.3887,87.51512
143.07631,539.26215,335.9709,136.60674,135.1184,1.582201,1143.5055,801.5548,39.60296
143.09293,502.63443,351.2291,182.1356,130.23334,6.266398,1111.3787,846.94977,211.09818
143.09906,471.7333,335.92258,165.16103,126.72982,12.412972,824.94604,821.61847,212.56581
143.10365,536.95624,329.0973,199.0006,133.7612,9.185538,1069.9236,740.5142,174.84735
143.11302,505.4946,342.81,166.90974,139.77022,12.842081,872.0835,752.2649,181.37346
143.11902,527.5488,326.16986,166.73117,147.24751,10.534234,837.3468,734.73865,186.82411
143.12746,362.9044,357.28894,133.1604,137.61359,13.718627,1141.862,763.0873,117.53271
143.15804,466.91257,357.38937,187.3169,144.69186,15.251864,1058.5132,740.33636,127.14703
143.185,478.19113,356.0358,122.73546,141.66391,12.328486,822.34564,745.23914,50.165924
143.20004,435.46967,290.53455,179.91739,126.12115,10.534388,823.0599,746.4363,130.24617
143.22974,471.89072,357.51715,142.3115,144.40588,20.73861,830.2861,749.1634,87.97136
143.23813,487.33255,281.58386,193.06113,149.73396,9.451017,1133.5693,794.88116,199.78853
143.2551,510.26068,286.4867,198.11363,156.759,10.350239,1008.5968,779.0964,81.958084
143.26837,519.4884,355.7724,151.88739,138.93802,2.1106539,1115.1165,769.2724,228.33194
143.28732,417.96658,338.14883,162.1506,123.721565,10.637923,1115.8198,793.5253,129.75139
143.29982,514.3121,356.63217,155.33838,142.83026,16.973972,1080.6299,817.98865,77.72323
143.3022,493.79916,343.24692,157.83383,141.8331,6.62442,975.5519,820.4935,93.15166
143.30887,475.31274,339.3424,190.51942,135.9744,17.851562,806.13513,850.41156,181.50337
143.32188,509.79547,336.20782,174.79675,123.81255,5.587,868.75696,823.8908,121.354485
143.32582,507.06134,343.02493,172.89468,143.26762,13.740114,1123.6082,714.7426,80.58955
143.32681,476.46252,357.53677,192.91354,122.463234,10.996504,847.4277,794.0827,231.98598
143.33044,496.09216,327.0423,155.76453,136.62431,15.377023,1102.7217,776.75604,154.97112
143.33104,539.1527,313.1537,181.77573,156.5653,7.546106,1002.4406,754.8459,163.30702
143.34163,527.4356,281.55124,192.92386,128.48155,19.825403,876.40094,785.0742,114.28162
143.3624,487.06238,343.617,180.76866,168.18585,5.4081945,1095.5818,787.8065,141.8371
143.36777,495.93536,327.70758,161.56577,150.28214,12.125463,1136.4247,823.4231,197.73407
143.38313,482.11243,336.67175,155.44388,141.23341,12.861752,880.73413,765.50354,112.97085
143.40698,532.4449,344.12616,192.50456,134.15245,3.9380462,803.24176,746.6403,180.15324
143.41359,522.0982,329.40842,126.12683,162.80344,7.764586,1117.2931,778.3622,89.723045
143.41559,519.3764,309.78546,167.61937,159.31958,10.991503,1028.692,752.2077,78.08104
143.45532,500.2721,318.91937,185.65834,142.74387,6.200131,1083.8932,859.84924,88.74244
143.4865,518.0197,335.47812,167.81331,144.2524,9.088845,854.1355,723.9752,58.186546
143.49263,495.53104,354.3509,159.07793,133.5573,16.262545,827.91736,917.3295,67.08401
143.49933,524.9772,271.01108,190.5473,133.20795,10.441394,1078.9514,780.514,161.43666
143.5097,514.6125,343.20352,177.87157,124.93108,26.053358,823.40076,720.5541,104.07544
143.5162,456.4666,339.94293,181.43382,143.07155,10.297436,1119.2336,879.9645,66.09346
143.51805,406.75598,343.5552,131.35007,124.4131,9.60967,1142.3347,806.9105,97.0861
143.52026,521.8734,334.9697,138.33002,138.98062,15.191473,1044.5428,820.9967,94.75325
143.52386,493.26923,339.45602,199.90134,124.19122,28.16661,839.8058,771.15826,102.63518
143.53558,524.6035,322.78775,188.64561,140.65404,8.862342,807.699,879.71545,191.86041
143.54916,537.6978,326.03867,163.13342,158.14287,6.4899316,821.91,817.52783,116.57137
143.57936,470.50775,311.084,187.93471,154.65543,9.724601,1111.5691,770.10364,117.03239
143.5861,484.94373,357.8942,180.50151,125.53155,20.794792,1059.0627,750.07733,72.46457
143.59299,537.6389,352.17712,131.13126,147.0194,18.49732,1115.0999,777.38605,165.75557
143.59874,498.61395,326.46173,152.74649,146.91295,11.570256,1047.7816,789.11334,184.88072
143.60245,514.7516,326.0632,182.12924,143.79488,11.500611,955.8757,871.6532,53.75745
143.60648,501.2308,278.79773,187.60411,124.84751,20.621231,809.58093,842.9805,70.79203
143.60912,509.6728,312.8658,193.6215,149.05959,12.347434,1019.3805,889.33417,132.56454
143.61765,525.19977,355.73196,168.14279,132.32219,14.319805,1078.5657,880.6017,65.63218
143.63567,536.55853,337.58823,130.9539,138.62946,7.7534366,998.62866,824.54083,159.2157
143.6361,533.03644,330.68317,161.66495,126.25639,10.24776,871.9957,900.53864,133.80972
143.64233,504.18704,321.7418,135.7322,123.15176,12.059806,1116.6871,793.9869,177.50612
143.64429,502.98233,325.81738,157.13188,139.77032,14.40755,891.57886,756.54297,106.83377
143.64432,468.47806,315.71216,183.59264,134.2504,15.195106,1039.0516,791.35114,72.312485
143.65648,506.49802,354.74597,151.50745,141.72198,6.409895,1140.4967,935.9704,161.78212
143.65862,489.60147,354.15042,176.68314,144.98238,5.865381,888.6963,854.25867,132.25755
143.68767,490.89478,339.76248,152.84436,157.42264,7.834137,1119.6887,843.8378,87.96369
143.70348,539.7799,319.1845,154.45975,135.77904,9.798817,807.94586,758.47766,241.21457
143.7129,486.52603,329.11887,173.90312,142.83337,10.230572,1051.3275,824.8906,182.99596
143.73892,519.48175,309.43738,195.28996,148.95074,12.2263155,1006.2762,753.0395,159.10384
143.82057,534.064,319.90652,152.617,144.24469,9.262617,907.5139,866.31616,90.58083
143.83046,484.20752,314.17752,149.12518,138.41632,6.787156,1058.8263,774.6086,73.8155
143.83182,505.61853,286.44006,197.51497,148.03987,4.5877466,1082.1357,810.51,113.01487
143.8356,451.7857,359.3374,152.07857,122.992516,21.6773,1139.9021,787.8064,154.19984
143.84657,481.40076,243.23244,184.35391,132.42546,10.94084,828.2963,826.82465,75.17328
143.84941,528.4853,320.5181,116.10831,129.55487,9.529958,1138.538,787.93256,166.08899
143.87271,532.16626,350.88702,199.56665,139.09183,13.84628,892.7567,740.6199,181.56046
143.87805,529.43146,318.05142,180.29214,123.12662,7.082038,1136.8936,721.7046,103.38821
143.89722,503.56787,359.3166,192.54797,127.06763,14.258942,1009.41956,926.8895,121.20228
143.89755,532.298,337.91376,121.61316,122.26499,14.087262,1044.4822,780.4768,65.88208
143.90962,525.9298,313.45255,139.80936,128.38522,6.078965,849.7082,772.31104,74.255295
143.91354,521.4212,276.74786,197.89926,135.02992,12.087953,1116.1179,766.31714,174.89255
143.9216,534.2056,329.17868,159.9132,145.96219,14.96643,811.04956,710.353,77.91515
143.96045,507.2021,280.59988,169.72096,148.45665,14.5670185,1096.5853,784.1992,72.40977
143.96736,539.0098,306.61432,132.28954,126.82131,13.034427,822.88934,892.7209,150.53526
143.96869,517.8661,267.6699,181.51729,130.34381,2.9643006,810.5775,779.7022,71.4653
143.97623,472.25595,349.8342,161.5129,126.565056,26.104101,836.057,795.5072,123.18907
143.99733,433.4597,316.19986,146.33008,134.36362,12.7471285,817.095,800.19684,114.384056
143.9983,519.8738,333.17114,122.97114,152.15797,10.842334,1055.0161,763.3376,98.08922
143.99849,456.07498,346.95145,164.1598,137.91772,9.630493,1118.4595,730.4217,112.81683
144.02666,448.1285,355.05185,196.2898,146.01031,2.9088576,1126.803,770.6189,86.503876
144.04276,460.12253,343.83664,165.48856,124.35312,13.439649,1010.48615,769.5904,131.35097
144.06291,489.80246,331.13672,192.10838,125.47937,16.87768,1133.2173,744.63007,59.762943
144.07645,478.74698,346.37418,163.04863,138.93323,11.923589,1034.9396,837.3203,55.9455
144.105,525.8945,271.4358,191.23282,137.29161,15.54357,1104.801,801.8786,126.23599
144.12424,500.07724,300.22952,177.81944,124.1763,12.830819,916.9415,830.14435,107.30998
144.14291,527.4356,273.54367,179.22246,151.18364,11.449157,1096.7393,823.64026,151.53413
144.14948,475.33508,348.3432,187.3778,151.06053,9.388265,842.7536,864.4327,82.469505
144.15518,504.35883,262.39523,170.35556,129.78795,11.241513,1128.2905,780.61,61.993412
144.16525,526.33905,336.79153,154.33612,126.64329,5.555325,1079.9792,840.9525,100.58314
144.16939,476.0314,318.10947,194.32979,125.88409,13.335181,879.4008,820.7862,50.320793
144.1723,490.90073,276.3137,181.90732,124.53251,15.420728,1134.5873,754.4152,98.49346
144.17432,441.62677,341.0631,181.12144,150.88733,12.799336,1011.5829,802.5914,106.74021
144.18207,528.02216,313.51392,159.14554,136.37718,10.048693,1116.6646,797.4522,239.75829
144.19308,463.38293,331.30676,194.67918,135.99365,18.564705,809.0194,831.4715,115.475494
144.20981,527.6467,356.8997,169.4421,152.51706,10.867013,1037.1143,904.34625,136.7915
144.2266,491.01733,348.96347,152.3845,146.96538,6.5312605,991.8546,767.7584,123.72511
144.23743,526.1665,352.08493,187.1309,131.80917,10.899964,1143.0282,685.5265,112.74493
144.2564,516.8392,315.5052,166.44064,131.32376,14.957926,1143.6195,855.27997,196.66669
144.25677,497.665,295.41064,188.72272,146.61116,13.003607,1129.4211,773.5305,222.36734
144.25703,491.79803,333.8328,189.81808,129.85799,15.7973995,984.25714,794.1313,151.10739
144.26561,452.82294,356.97528,178.76657,163.06006,9.943421,1136.5906,735.84717,120.773346
144.2998,526.9365,295.61084,177.21771,132.6548,13.930011,805.64557,707.1982,104.04641
144.30307,534.4054,313.31558,188.68617,142.17053,8.508174,1129.715,780.6418,32.74569
144.31583,523.3868,341.5775,186.4872,125.67609,21.303532,824.2159,895.1277,146.7073
144.3193,525.4578,347.97467,158.2879,130.52118,6.7362847,979.8745,813.85126,145.5942
144.33168,520.9851,328.58905,146.02892,155.01685,5.629344,1114.2979,805.1673,74.03875
144.34875,528.60486,331.2016,126.4668,144.49414,14.188669,868.4536,783.502,112.13983
144.37971,528.72266,316.23886,118.71751,135.7623,11.737435,872.8743,774.1521,86.593185
144.38715,436.715,309.98532,166.39525,136.6361,11.447633,1115.5359,762.3149,153.21162
144.38734,480.9407,337.772,166.6422,157.08046,7.0251627,1079.2501,779.7749,146.9006
144.39061,514.8079,348.9941,144.73024,153.3749,7.173873,1050.9913,834.6293,83.035995
144.39168,468.63318,359.11942,142.00125,133.38536,7.4473863,821.29755,757.0671,63.871403
144.39415,486.80154,302.85,175.15822,145.0138,9.428744,981.45703,772.9904,98.58574
144.39838,489.88644,283.71072,187.01695,130.26802,14.022791,805.20856,899.82983,133.87871
144.40056,525.59894,341.45294,167.4747,136.6868,9.508241,810.8334,710.317,49.63277
144.40541,535.4146,351.31238,164.9431,134.45967,27.551018,817.74274,801.98035,118.92715
144.40761,524.8742,348.6619,175.03804,123.69074,16.606842,903.57684,799.4972,167.33275
144.40881,502.05753,335.4026,163.20604,131.60759,7.4116774,1043.3943,827.37866,142.15189
144.43306,516.71234,312.47482,194.2967,125.05534,15.987495,903.6511,835.45044,134.27716
144.43867,535.18646,255.00436,167.5031,146.433,14.521156,825.8057,815.244,89.54078
144.4412,521.4753,326.578,171.97893,148.20201,1.0351489,1125.4779,855.3552,172.42372
144.47064,500.80096,355.7424,186.43295,158.1775,20.58782,1143.7164,792.27466,146.27386
144.4895,444.89755,293.67593,152.34488,126.81826,11.249237,802.677,844.9237,105.50003
144.50269,485.97604,358.95068,167.47891,146.01968,4.7606726,1137.3367,785.86414,285.02335
144.52547,532.16565,302.02664,150.81004,134.81026,12.983482,852.2531,732.2972,86.09446
144.53798,423.65387,343.84946,157.87718,145.04364,11.502166,828.65497,797.9941,165.30946
144.55159,465.16635,357.54108,159.1291,159.36061,9.577676,826.4577,782.663,76.18272
144.55598,534.78845,293.2589,167.61153,137.32204,16.020647,1120.4973,824.22363,126.4762
144.57043,508.85428,320.95755,172.2023,143.1925,13.934538,808.0072,718.75854,104.58993
144.57329,506.32156,343.9519,182.68707,147.57059,13.458085,901.4154,751.2957,154.91179
144.58414,527.4945,329.31473,189.64104,174.41837,8.673351,803.2476,781.42664,84.672966
144.58441,519.29047,343.3618,175.06657,164.06442,7.563082,1119.8928,787.7481,219.88084
144.59753,536.8312,352.32578,165.62706,130.16898,6.216286,871.22235,821.7694,179.46077
144.6273,510.25912,261.06268,176.0261,132.99995,5.6215515,807.0461,828.4582,136.52142
144.64185,498.37363,266.3621,174.99713,145.96307,10.994229,1106.724,736.16376,94.59079
144.64867,494.25992,342.01892,184.99965,133.80667,8.234112,1076.8925,808.9269,81.89883
144.66098,539.145,295.6715,172.34236,141.33609,9.70232,866.89624,807.46515,158.28662
144.6624,532.4219,309.7567,198.79385,142.73485,5.621523,814.767,865.1815,71.25968
144.67157,503.48892,310.8557,190.01747,132.94125,12.222692,889.57434,757.21704,55.891052
144.70009,480.73703,332.95422,173.16934,124.38248,22.252869,1140.388,791.45337,165.3815
144.70607,523.5371,337.7089,197.98271,124.49246,7.346534,843.46606,813.1735,206.69946
144.71173,530.44476,306.52258,179.20117,122.815674,8.691592,1057.0625,852.74615,142.17818
144.72723,415.52563,352.7679,161.00969,129.80466,12.220971,1129.6666,749.3808,64.40801
144.73969,521.53217,323.42123,165.12448,150.61526,7.679375,1112.4247,892.8647,99.443115
144.80893,513.90094,328.33466,155.62418,127.34789,14.25211,1140.4619,729.48975,162.12553
144.82057,394.01474,351.59073,151.4705,148.45311,14.598478,1133.0121,752.1079,94.47814
144.82443,489.1194,347.432,193.34833,151.53838,10.24512,949.4877,773.1086,88.076256
144.83102,518.13324,294.1947,146.58952,144.29865,12.361121,840.9084,830.35156,112.03382
144.83134,475.87366,335.5981,126.351555,137.04411,15.156918,1107.183,785.7088,106.865456
144.84079,532.2309,331.67963,198.97072,147.02536,16.463863,900.808,790.8646,90.04411
144.85124,492.32553,326.50516,200.07837,146.9787,10.150367,1023.6519,854.7154,133.41742
144.85695,533.13043,300.46927,199.81396,138.59416,4.8826237,1134.8152,726.60675,117.87931
144.87253,533.6212,326.97052,170.41875,142.23872,3.2579396,813.44226,893.1541,120.27953
144.87587,515.54297,319.80807,153.40079,151.4518,12.08193,825.11475,801.5686,171.83336
144.8883,491.8977,345.25128,130.60555,139.80037,5.1428766,1058.1934,786.11096,105.017944
144.89517,501.2969,328.38324,199.28996,133.13033,8.862834,801.1783,918.41235,129.15425
144.89836,534.6135,309.95786,194.10558,134.50626,15.246137,825.2781,713.11346,75.00385
144.91156,456.96695,354.36353,185.82043,128.8829,6.4758677,1140.628,792.40936,46.856506
144.91768,404.02933,359.17618,171.51501,136.05614,14.298523,1111.82,803.14,139.9632
144.94888,522.4804,350.6204,171.57985,152.53864,15.253483,1138.2455,776.1248,207.21254
144.96408,499.43784,332.36353,140.15585,131.50752,12.173419,996.6475,790.92896,69.08223
144.966,515.0505,353.61877,175.52051,148.36523,4.3151145,804.23035,805.3,193.8628
144.97803,513.88513,297.64835,188.67256,154.95424,9.298011,1102.1896,761.2502,136.48695
144.99606,530.1158,354.58835,128.09239,135.59386,10.187852,1067.5204,735.15216,135.67664
145.00093,519.974,339.22522,160.7087,140.57697,7.7225337,1041.9414,872.0454,122.62412
145.00992,504.20218,312.61047,152.8476,135.24858,12.3268585,838.87933,723.317,102.480576
145.01338,474.92508,357.68497,161.45177,154.07338,10.791873,1060.0283,824.87695,104.89284
145.01431,539.8932,270.47864,189.888,139.23322,10.614525,819.2127,917.63104,80.07815
145.01668,473.2393,291.40372,175.99446,134.79164,13.606061,1132.9434,750.1746,119.04046
145.01694,529.50574,329.25418,171.98589,132.43964,18.466402,808.6213,862.6973,172.49132
145.02957,432.46832,332.77618,180.35962,128.35796,6.8595614,829.84344,784.33496,140.17531
145.03572,423.14206,311.94632,148.86905,127.80676,6.9876027,1142.6373,780.56445,106.636444
145.04213,478.5724,282.17447,151.22649,136.63313,7.8282957,1127.8783,794.5659,158.61555
145.0438,528.53784,330.74283,178.22191,144.38881,1.381901,1011.6192,784.246,151.57234
145.04749,516.5759,349.9504,174.38467,153.45181,18.934011,1126.8333,762.99854,91.99342
145.05035,539.7003,337.0967,192.28539,159.29292,4.089526,1129.9478,725.4626,98.55622
145.06564,422.12262,355.10422,158.17928,135.58,10.746778,1017.62036,808.6667,124.45899
145.0658,415.31216,352.80682,195.89656,126.61051,7.7073946,1144.5757,803.09814,89.09475
145.07245,526.11755,354.77612,181.19595,134.61092,5.131585,829.0896,831.8593,41.64454
145.0776,501.0538,304.1826,190.07568,162.08887,11.817691,1103.8027,794.88116,119.12484
145.07822,487.69846,335.88745,171.86316,149.96965,12.730396,1089.1161,835.75726,80.917015
145.08066,502.73282,272.2453,181.48927,143.25543,6.6875277,844.6617,863.85016,147.01091
145.08815,521.71027,322.27322,154.50232,135.70424,9.678829,1105.0503,789.95325,223.20119
145.10818,476.87125,324.1999,143.83824,134.86922,10.9476795,870.4932,810.64746,127.07842
145.10854,536.3891,327.76883,180.54074,135.08066,21.367504,839.0518,836.674,61.571934
145.15477,486.76926,311.34067,197.58527,124.657326,12.455293,1042.0781,846.3788,120.472
145.16478,535.9338,299.52478,172.95688,130.16185,9.757137,1033.5422,764.20776,161.27788
145.171,498.64587,300.32382,136.17236,122.05969,17.65529,826.1264,751.23315,55.46538
145.18541,441.1097,356.7482,132.58386,138.32477,8.220413,1141.9729,865.1282,90.1527
145.19987,513.322,320.57,192.84952,129.4495,11.059668,1074.1934,766.61926,198.12311
145.23631,536.8441,354.2697,153.52086,123.56272,14.263482,902.84924,737.91547,145.47224
145.24632,501.2277,309.20795,145.10568,122.80622,7.409661,802.17285,874.0979,129.5054
145.24767,500.17886,271.762,179.84196,145.88287,9.56443,1143.2573,821.8162,44.201183
145.26213,496.6517,349.47842,199.153,138.56454,13.2080345,941.0782,760.1735,114.91909
145.26323,464.06625,355.82144,186.49466,139.65103,11.881386,827.158,787.28986,36.44946
145.27725,537.7603,357.13965,159.43884,161.39189,8.597885,1096.3607,820.7876,63.920162
145.2925,521.3424,322.84134,199.30647,135.53209,5.3271165,810.998,743.1753,143.24532
145.32735,504.50693,346.0807,199.37082,132.48395,6.04392,1033.0153,824.5844,122.88964
145.33957,525.8448,341.76282,170.46753,134.8384,7.6489716,824.84045,991.6024,105.40397
145.3424,486.31577,289.5018,160.90543,125.99379,19.9866,827.6928,807.4839,82.02032
145.35817,502.9795,308.23102,195.19727,123.19572,9.562707,843.61664,876.7358,131.04646
145.36314,489.5466,346.2635,170.91725,133.79112,8.556322,1095.4747,745.7521,95.39433
145.37212,497.7728,326.35828,156.10486,156.2485,13.114542,814.0327,768.81744,97.15687
145.3942,507.6443,320.81265,155.91478,132.87738,1.772867,1142.5271,801.7421,104.23334
145.40573,494.64407,316.95947,158.77979,132.40346,5.6363163,1141.6266,875.2165,101.6191
145.43076,524.7929,319.43,169.30621,155.23935,11.9614525,1078.7452,793.6514,156.05324
145.4315,492.4429,317.33704,185.39203,125.419106,5.8341374,829.8449,754.362,77.20588
145.4324,423.77686,286.56863,165.39488,135.2417,7.0739145,1139.8607,760.415,143.66386
145.44351,469.9743,314.03485,183.0253,146.19331,5.420976,1142.8342,829.195,53.870083
145.46382,524.14624,322.02335,161.19225,130.12868,7.2207003,1109.5878,795.25256,51.97283
145.51175,492.46423,347.6062,128.51968,130.21434,12.236364,1101.3907,842.3777,102.25596
145.51213,530.4763,329.2899,179.26381,130.85384,5.4941673,822.21985,901.72437,134.60521
145.5157,485.72476,357.42953,190.48357,152.25558,6.5884247,1015.52594,757.4033,92.18508
145.53082,521.4106,340.25888,179.52939,149.46185,4.434975,820.85803,850.455,90.28291
145.55562,531.77264,348.37222,155.06064,124.96004,12.44388,1030.6132,765.6252,199.52203
145.57176,512.54004,329.66306,157.7198,147.48164,8.68365,1058.5626,777.7126,181.8238
145.57199,445.29636,346.82773,179.06909,149.0705,11.233276,1022.2999,746.6435,133.83191
145.57205,482.6139,333.63376,181.79279,159.15094,7.0838337,1105.4174,844.43506,139.68242
145.57486,474.81427,284.23517,182.98367,144.36531,14.056563,1137.5947,849.1376,116.697716
145.59436,515.5177,332.75906,176.33823,164.57207,7.2385163,1131.8164,784.60297,54.815407
145.6147,480.02234,308.65497,170.26614,135.27798,6.0580955,1137.5176,737.98737,121.30381
145.62056,512.50116,354.48788,175.12036,126.07543,8.490851,913.0357,756.5978,110.34299
145.64865,527.82513,304.61786,186.55618,153.26714,11.574225,990.9839,747.1539,100.632904
145.65515,502.93585,326.27124,182.65358,127.48168,10.846431,1007.59155,776.76666,184.01537
145.6628,535.7112,343.49496,150.72263,127.945755,17.56561,1105.6669,815.7574,65.76441
145.66492,517.02856,352.7383,157.75471,127.766426,9.704694,1052.0858,884.07074,122.659256
145.66838,467.8091,354.0911,162.55354,146.93788,5.4175496,1073.1716,804.298,111.55821
145.67363,532.4714,293.45038,168.2767,143.40921,9.983702,982.226,825.17413,88.801285
145.67534,515.6625,356.6157,166.493,132.82286,10.817513,955.20856,830.7038,66.139275
145.6835,523.94556,324.59146,193.00008,139.41855,10.022372,853.37305,854.19946,177.78822
145.7034,473.71005,323.1238,170.57196,131.09076,14.860198,862.44336,851.96533,101.716736
145.71988,503.8757,341.00726,187.93501,137.54974,22.510134,1140.7242,756.04846,140.57562
145.72058,499.1823,290.98734,180.54855,145.66737,6.0222106,1140.664,704.6377,102.12048
145.7273,538.38055,272.38452,170.00151,139.33388,6.6358085,1052.6671,780.1591,150.69632
145.75005,496.27905,342.44937,179.06857,138.79808,16.31866,1020.27,808.76196,74.86916
145.75008,529.7553,267.66232,148.07231,145.05829,7.3039694,824.8661,818.30585,142.19868
145.7877,505.65274,315.24045,175.81216,136.50127,10.187712,1114.2932,730.65674,68.199265
145.79092,533.1857,275.98618,193.39989,138.47658,11.335512,1045.7532,859.4458,138.65018
145.79904,448.1004,312.98346,198.3344,138.93904,7.039851,1142.8853,821.38654,76.15675
145.80106,518.11096,295.82382,158.61665,126.37351,6.474195,1096.7047,790.01965,96.69831
145.80582,526.5153,283.85068,189.4068,156.75374,3.1889036,1137.6868,790.3997,172.44424
145.81387,486.03568,351.77722,186.53586,125.72586,16.36503,846.7142,876.27075,48.094757
145.81955,533.715,324.56744,147.2335,131.08018,21.787483,831.2639,789.40155,50.63751
145.8353,536.43585,258.09863,194.70982,143.76035,8.40358,1130.6959,733.6006,104.90963
145.85086,512.6166,316.93448,134.11063,158.40527,6.0220737,1140.8613,770.94275,168.58598
145.85191,502.00964,318.59903,164.3341,142.77966,5.042494,1077.5419,793.08075,95.19099
145.86224,511.4829,340.51428,131.4033,135.07031,8.006265,1127.8206,797.2678,198.85269
145.86647,525.97534,345.5612,135.2388,140.13385,13.255449,997.7292,813.27344,106.58263
145.88606,512.73425,356.34024,132.18506,126.31945,8.53957,1040.9447,797.2252,108.01425
145.89618,477.77197,324.50894,118.98482,134.9359,11.340251,824.7234,845.6828,114.038734
145.94896,453.89584,332.5565,156.59744,127.59122,11.385817,834.855,835.9149,121.720955
145.96495,534.73804,277.8138,135.42567,144.33305,9.553395,1134.9727,855.9462,112.817406
145.97882,532.75995,323.90503,142.29306,139.0217,2.6202204,1135.0636,794.0157,196.13899
145.97997,511.83478,309.95453,172.32652,137.074,13.781522,1132.4591,736.8451,106.0154
145.99667,538.244,344.28497,196.2618,129.06282,14.459713,905.9664,747.6168,49.36534
146.00378,491.89713,350.59164,144.02263,125.63427,25.068401,829.4509,795.2478,122.16524
146.00928,532.3446,300.97168,151.33122,134.69646,7.947804,1106.8849,793.364,204.74637
146.01323,530.70807,331.01895,180.9691,166.69429,11.755976,1067.7544,774.81775,72.86978
146.0219,444.21387,357.4745,193.94818,125.52368,18.330517,1117.242,779.5281,79.6526
146.03706,529.2727,319.87192,167.3255,135.74913,15.9844,851.34143,734.162,108.1767
146.07166,532.14685,344.7076,128.28128,125.101135,11.706162,926.08746,836.8566,123.58307
146.08987,435.59787,355.32245,190.0389,149.71182,6.3755627,1131.5724,772.472,181.02986
146.09518,502.9131,354.7657,139.64641,125.23802,9.715757,861.5671,863.3905,71.23435
146.09764,530.65955,281.14062,138.09636,144.24115,10.161164,838.4349,807.8976,117.86859
146.09822,506.08414,321.75787,148.86157,122.931015,14.518523,830.54865,862.8059,170.04411
146.12636,520.3978,348.54984,160.81122,137.59154,11.376689,1076.7983,837.93835,185.73102
146.13261,521.30444,291.06497,168.25333,136.41461,3.6745255,1123.1537,805.6784,141.10518
146.13348,523.0842,344.43887,190.98685,162.82985,10.660327,1117.6664,858.11383,142.32002
146.15353,530.6474,316.08972,182.73233,133.24591,7.290677,1016.4371,831.2477,145.52792
146.15657,473.36502,340.15125,144.969,136.97905,12.099797,822.0147,730.5112,106.862366
146.19048,518.5261,342.44064,190.24086,152.71162,11.635853,1089.0021,862.693,68.3306
146.2053,463.41687,328.91977,185.08318,143.181,11.818816,810.3649,742.63873,138.58493
146.20627,501.51926,339.0181,190.34322,151.64328,14.454544,838.7852,757.5099,56.770073
146.21628,486.34933,350.65936,167.46597,135.32063,15.088402,1051.3274,764.8243,67.80086
146.22665,463.5585,345.63348,199.90924,122.89573,10.910111,873.94714,785.96716,86.52768
146.24187,468.26364,291.83267,176.2135,140.4553,11.309801,826.71564,750.59436,123.78591
146.24332,465.5218,330.91196,165.67242,139.6721,8.283566,1143.9872,859.57837,158.59796
146.25418,490.261,336.84653,182.07237,151.81213,11.497032,824.7048,849.5304,171.33391
146.28375,529.1325,283.04626,162.7331,131.05447,14.764303,860.6041,803.3684,124.17291
146.28392,481.48343,341.9477,180.89185,129.97398,14.328041,941.66003,766.5548,87.8417
146.28487,525.0583,337.35178,197.8567,130.34941,14.914189,971.6065,781.854,160.3591
146.29787,454.71103,351.615,125.99393,127.37146,12.684105,840.32355,762.7804,113.02985
146.30188,517.50745,258.47137,181.37271,139.2331,8.441401,859.1704,774.8056,126.22251
146.30927,412.53772,336.94064,182.5253,144.86906,9.65253,1137.6373,849.57007,129.08249
146.31334,492.79605,350.76038,175.9154,152.71912,7.1518264,1114.7148,808.0865,204.14536
146.31337,452.87027,351.6681,180.45055,138.25366,13.417479,1060.42,751.3164,115.401695
146.32912,480.79413,342.0843,160.99144,137.99208,6.054635,824.65173,862.13324,165.30441
146.35504,468.40427,328.08734,197.43137,150.59593,11.6550045,823.62866,828.6837,110.80575
146.36215,389.6397,345.96497,191.72842,123.78882,11.512929,1131.1105,792.52344,140.75615
146.39783,444.92557,280.44012,176.83032,134.4666,11.63392,803.03516,814.5032,94.5188
146.43338,473.30823,333.522,191.99788,128.22958,9.806691,1110.2286,764.8871,151.27722
146.45903,528.7696,284.15417,181.68835,141.2781,7.323544,817.8677,802.8343,203.62938
146.46536,533.1796,358.26483,181.70378,139.77702,10.519411,1057.0203,854.2192,252.62564
146.47621,525.35114,285.51495,186.33945,132.14572,10.984192,1056.8738,754.04846,92.05648
146.52629,512.1641,303.66434,182.07372,130.7286,10.996583,868.73047,880.67255,68.30177
146.5401,458.8474,326.36224,194.86267,131.98215,10.827252,1143.6315,798.0946,215.78554
146.56789,524.912,347.6651,189.64001,162.42375,3.6880348,1125.3313,755.3055,98.338066
146.58142,538.8913,351.63293,157.33516,131.05615,23.896706,803.3538,860.983,97.22579
146.5901,451.57278,322.04175,167.69444,147.73747,14.960244,1144.0771,781.67773,168.61945
146.59631,418.34882,342.89417,170.95126,134.93607,6.7914615,1130.4882,819.07104,115.95492
146.61024,440.22134,336.35092,156.84343,132.80827,17.453009,810.9603,792.4685,91.747894
146.61055,503.75195,339.8039,148.52585,128.32437,11.740694,802.45013,910.7914,45.43208
146.61896,527.01697,356.177,149.75027,152.0294,1.5241693,1127.6089,751.7289,145.8619
146.61919,472.85248,293.75372,188.48088,124.709694,13.844021,853.531,755.92737,111.514046
146.62584,508.18765,352.86023,184.47728,129.71335,18.299131,866.3534,801.89014,161.8231
146.62677,510.94016,346.56284,164.89471,140.21216,9.052108,1093.3458,870.6636,136.13689
146.62805,513.31854,334.35196,192.40971,123.61821,25.04592,816.49774,756.03845,129.76204
146.66272,506.78427,347.19965,188.34424,156.2295,10.456152,1032.2274,799.30676,154.00337
146.67262,498.73312,341.91348,166.37166,154.3997,9.463298,811.60297,826.00616,91.15149
146.69756,489.0128,335.06668,190.53569,145.8523,13.834996,1118.9814,738.12836,62.204205
146.70639,536.46234,313.6053,158.49983,129.45009,7.060043,823.1483,892.2733,168.64594
146.70836,528.8374,325.31128,194.84004,139.65369,14.928201,1019.82745,866.91174,77.94098
146.71248,481.18402,320.78598,134.5044,134.70271,11.824576,1116.438,761.5992,79.62874
146.73119,538.37994,357.1382,106.13397,147.9543,11.1308365,802.5831,804.1855,98.25313
146.74487,531.8971,357.39703,177.09378,145.76564,12.557044,893.7474,739.8665,151.49028
146.74529,491.05328,353.36447,170.38078,161.45232,5.5508084,1115.5911,766.63934,141.09232
146.77011,489.944,332.63745,190.31435,150.24655,9.444344,1082.9691,742.8458,93.05299
146.78938,539.6656,308.43222,199.76341,146.05893,11.152416,845.2282,809.1299,216.88698
146.85052,504.87772,358.19193,179.23732,138.96991,10.174258,1134.8508,888.5905,211.6801
146.8578,529.7822,350.29575,168.00264,135.83464,21.414131,852.0175,779.64233,83.8307
146.888,409.72974,347.26468,184.19312,138.39285,10.689608,1121.5231,788.9584,49.613327
146.88818,515.91113,294.7592,180.23349,131.52014,10.273659,1053.6569,835.91125,114.485374
146.9285,495.79617,324.01712,144.30766,136.24455,10.463682,848.27924,841.4818,132.70206
146.9468,535.4122,308.74472,191.32095,142.1852,4.854244,1140.3463,742.6526,244.47697
146.95985,504.50412,311.89456,137.28079,127.07987,16.316946,819.6427,742.98645,84.76886
146.98575,497.61063,331.31705,169.04509,138.51749,10.924453,808.4181,736.0877,192.14592
146.99661,531.0628,354.54263,120.19166,141.1077,6.293342,1135.3572,822.1581,148.72368
147.01976,534.1109,325.75745,168.27263,160.44904,10.291389,1101.271,756.1108,64.245
147.0448,501.69342,352.03027,176.4395,154.74957,9.252731,1138.8472,828.81793,61.977196
147.05742,528.93536,321.94156,133.12968,124.74604,11.24474,869.9323,785.6612,51.53675
147.08142,516.81433,338.52933,166.56837,143.86845,9.170625,972.3657,801.00525,135.3136
147.09209,508.53503,250.4962,147.63614,147.41908,10.439439,1140.1031,774.6606,141.37933
147.09389,535.7238,335.26175,157.89691,137.15057,7.8560224,920.86444,836.59015,115.32213
147.09546,425.75977,296.36398,155.11053,125.86751,11.510808,811.2085,811.3721,99.856636
147.1034,507.2511,358.5999,166.6105,144.72115,9.952469,1113.8284,711.7811,127.90786
147.10818,514.3465,349.50122,128.43417,128.6642,5.4648447,818.5278,794.33356,85.94504
147.12476,530.6238,316.36636,176.78906,124.525795,12.176527,852.686,756.8227,190.8173
147.1301,529.7185,309.49554,182.22858,136.28,17.163393,1131.4186,780.7029,189.81439
147.13304,519.42834,331.2015,193.04486,143.40154,3.516897,1121.2131,754.8356,64.46732
147.1422,522.41956,283.81357,178.09842,154.50864,9.848841,1105.688,758.5986,100.0836
147.14534,537.52856,340.5751,155.68839,166.11975,9.602167,1139.0394,755.57275,129.74173
147.15057,506.59827,343.2567,181.61667,126.14299,13.23113,942.3389,795.9761,55.90317
147.15082,536.22144,318.28256,180.2051,131.79382,18.387115,852.4383,792.8872,162.91588
147.18237,474.557,330.86755,170.16316,143.65086,8.683272,1119.3405,812.09937,194.05702
147.18268,532.2421,219.63448,178.72406,148.53096,12.1826935,1142.7888,776.36176,143.71378
147.19092,511.20935,320.91415,164.09578,141.33098,13.156459,1116.0463,799.0515,71.37308
147.1942,505.7455,344.0683,131.58708,136.36005,7.2736135,1086.4513,752.51196,118.24253
147.22545,485.5304,347.11407,189.7919,135.44067,4.568283,808.80273,753.5811,114.68286
147.2373,511.03503,355.94653,146.3048,154.73962,15.745539,803.35614,784.52783,67.22028
147.23776,538.57806,313.23047,121.619995,139.4888,10.311759,834.55304,825.7051,118.61865
147.27147,515.13153,329.97815,199.30962,160.8036,10.109238,826.4251,788.20593,84.37318
147.27203,511.72275,297.1403,138.5763,132.0756,11.715396,835.8256,746.94324,53.057648
147.273,478.29166,326.64154,171.66148,137.14519,5.250783,801.5676,794.932,60.697063
147.27574,534.5281,323.4097,176.97913,134.99545,8.589598,1115.3547,720.19165,83.37896
147.29279,510.40848,327.61456,188.99857,121.92264,9.000292,1144.1295,830.39874,187.7474
147.29735,531.5828,350.11703,149.14445,136.08621,8.595661,924.3208,754.9985,74.446075
147.32202,472.36996,347.25668,169.76945,125.30833,17.799852,810.8309,850.8551,155.53256
147.33142,513.5391,333.97318,180.9267,129.06847,14.634034,1099.4938,761.2393,181.4832
147.33926,534.96075,320.44788,163.87592,124.220245,11.936203,879.2353,894.68665,94.08391
147.35272,534.6629,307.21234,194.73009,149.50558,5.8418717,1141.2798,743.0765,241.24158
147.36267,527.65717,351.05414,142.00748,127.87592,8.828766,900.17346,829.6907,114.98974
147.42725,531.5181,327.23264,185.64264,142.43622,3.2296007,1115.5543,872.8558,126.62113
147.44304,516.29755,352.95312,157.27432,142.89,9.621225,835.75714,708.5652,94.4057
147.45389,508.70557,313.83466,169.49382,135.42982,0.9734779,1143.3546,787.25854,158.97801
147.46039,535.6486,323.25113,186.2818,124.94121,10.2880535,900.25793,845.6506,61.828224
147.4786,535.4795,351.6536,171.64433,123.0219,14.588155,959.6924,853.3721,132.64886
147.48303,486.0189,336.67612,176.30612,134.92764,12.932702,1027.1708,799.9684,139.45897
147.52716,481.42685,309.14902,171.28754,129.71745,11.785828,1006.24164,793.7199,84.3683
147.54631,533.7296,353.5936,119.17607,139.08449,12.924113,1108.6902,828.60004,99.61733
147.5509,518.5915,325.1075,162.95201,148.81302,11.285495,992.7915,756.1965,110.502144
147.5514,492.1712,311.748,181.43082,145.26476,14.814726,830.50055,791.0008,181.82591
147.55688,367.8732,310.33063,187.87526,149.17126,10.654591,1140.5865,754.12225,119.74896
147.56754,534.80804,350.70166,166.99435,141.26657,11.826383,919.56354,828.60913,103.527824
147.594,467.74472,345.60788,180.8871,146.97165,16.661825,814.6834,757.10614,83.89826
147.62802,528.21313,311.7254,177.40218,149.90489,14.645162,1124.8882,808.0671,65.742455
147.66165,528.83795,310.428,193.97935,153.63747,5.996932,1022.806,778.0261,89.41508
147.66429,500.57736,350.682,174.16939,136.59866,9.801961,986.4648,821.768,149.5533
147.6779,496.49826,355.80212,187.80026,154.06816,12.495361,821.1908,811.1593,116.517296
147.69453,524.8182,294.43774,166.83206,130.69316,9.4128275,1112.6312,763.53467,122.504845
147.70956,519.633,319.34418,153.23503,127.32785,12.133298,889.0133,769.51447,108.86564
147.71225,534.11084,314.6594,173.88168,139.0873,13.676542,906.361,789.3776,113.13298
147.71503,511.63824,350.59198,164.50415,140.52295,10.308331,1021.4445,800.5839,153.19917
147.72371,460.27887,331.51828,171.72618,132.34106,12.550765,811.80054,819.02203,147.24043
147.73596,514.4072,335.43936,129.38852,142.37885,2.4420743,1119.3333,785.30145,110.619896
147.76831,531.55994,314.50916,188.05408,128.61845,8.329791,851.929,849.3102,117.26579
147.77782,504.57544,347.66483,164.80101,136.9262,4.564812,1130.8594,826.3711,72.95606
147.79591,523.18317,327.32544,156.23387,141.68193,8.206616,1053.0345,759.0299,85.0502
147.82706,513.89703,351.33698,170.6018,129.14923,14.898798,1020.9778,823.9871,140.23935
147.894,521.284,353.30774,145.7182,133.47473,15.188586,850.8357,806.3485,142.96751
147.92732,485.96027,338.5902,181.9686,135.20471,9.124985,1139.5856,886.57153,154.1191
147.94345,509.44055,339.7362,189.38348,136.97913,13.79853,801.6951,871.2581,190.89108
147.94385,475.6309,345.91812,132.19673,139.508,4.992163,1137.1359,798.80347,133.41257
147.9449,517.22797,355.2917,185.07448,133.80916,17.564365,1116.4204,751.1503,160.1097
147.95985,506.6651,318.26157,176.72029,152.87096,5.732539,1141.8528,767.6748,46.454422
147.96426,534.17944,267.162,167.33517,134.76071,9.541433,857.6271,778.8878,97.72626
147.97038,521.9202,347.7882,91.98372,145.67407,8.81963,1143.3865,768.473,128.57326
148.00362,479.99158,347.8071,197.0524,133.14146,12.221849,1113.0092,740.50415,139.1041
148.00542,525.42773,308.54675,191.07841,150.48769,11.553862,853.9283,809.5526,69.290855
148.02364,444.935,358.77374,164.48148,146.15422,9.877268,1114.7462,852.6032,102.26099
148.02953,485.41983,320.48376,160.3965,130.41931,12.915726,861.99774,832.2461,97.972946
148.03535,525.4355,347.9131,147.64194,124.4159,13.132955,833.8662,885.5689,47.723713
148.04146,501.73965,353.2615,181.4682,134.22781,7.6010413,1024.409,747.0098,137.63715
148.05313,504.73132,345.01068,156.8276,135.21783,9.18524,1037.7137,753.38184,68.781555
148.05466,481.48294,325.79868,180.09172,141.70448,13.709038,815.0707,847.2453,91.059494
148.05649,488.79263,318.325,162.61371,147.05557,8.086567,1106.4717,811.23395,76.56237
148.07791,360.56717,357.03052,197.2592,146.95491,11.290053,1105.6564,793.40356,101.14381
148.08516,526.14777,351.02835,186.62234,135.75435,13.072908,994.46405,847.9922,66.2178
148.11462,501.47583,315.43066,171.66348,138.17471,14.544931,1136.3146,793.2244,154.79279
148.13614,491.88184,353.13828,156.14859,146.16846,6.032684,1122.6913,849.3957,64.07867
148.14915,513.41034,346.52728,188.72324,125.43581,6.5630474,815.9257,754.57806,173.82294
148.1771,491.49268,346.67422,158.87424,149.39334,9.703407,828.23047,859.82825,119.35402
148.19167,529.209,338.5018,123.21854,122.36085,10.954644,1118.5034,765.59094,85.06969
148.25462,484.05154,334.8998,145.89853,151.09702,12.390721,809.37964,804.23566,94.12007
148.2607,538.4824,323.56702,178.60716,134.69002,4.2220917,1124.5573,737.9876,156.32936
148.27702,526.8685,318.57504,171.08098,136.81451,4.0493927,1131.1649,833.1431,174.02687
148.30177,527.0171,351.20187,144.81305,135.20406,3.042851,1127.569,749.7059,73.1192
148.30177,519.3774,350.8261,180.9004,138.35919,9.119093,1004.89526,783.3964,202.06403
148.3074,523.6512,308.51587,169.67615,156.99812,11.667448,808.0919,778.7045,86.88884
148.3187,531.78314,352.01227,156.93875,123.74392,11.9143305,1039.8112,868.0373,156.99599
148.33315,537.1238,340.61722,190.43214,135.98495,13.125006,1129.8055,738.272,207.82903
148.35603,460.05417,301.0503,182.96393,130.59222,7.5823164,1142.9493,763.33185,106.49757
148.35869,526.9104,343.82465,157.56339,124.42316,15.007131,897.1763,816.48785,138.32509
148.38928,512.3575,351.54932,186.24908,136.57048,17.76801,1134.2279,826.738,137.37578
148.43105,514.93225,296.6514,193.50485,126.917595,7.2846274,842.65106,835.11426,83.30589
148.4504,495.8919,312.96768,171.68446,131.30328,7.9168744,829.6245,758.11896,58.44854
148.45094,500.47177,341.49072,170.92549,135.03139,13.014788,1113.0869,804.6831,173.68498
148.45886,526.0741,347.71304,128.59631,130.61026,10.7064,850.8184,809.32825,130.6359
148.46786,528.46136,345.31223,161.09888,149.89366,2.5719402,1129.8167,851.4473,119.51842
148.50084,461.5164,344.67334,178.5833,123.4271,12.104055,1047.2185,801.28644,96.61838
148.57436,499.21753,324.19647,160.53299,145.59476,5.958774,1113.8588,767.4821,165.02759
148.63213,528.7247,316.02652,167.851,125.46759,11.386908,1094.7233,751.7397,78.15064
148.64005,525.2868,291.62375,148.16682,135.04971,12.289298,823.0512,848.4745,133.08409
148.66908,511.405,326.78616,193.95009,138.11671,11.158421,869.7441,882.7591,154.01785
148.69502,526.7812,331.69116,185.89258,144.14967,18.57599,1135.3826,779.2052,63.823986
148.7359,525.2606,340.65588,124.26114,124.84496,12.001995,820.33057,826.29767,146.06573
148.7386,506.44766,340.34665,178.91615,139.6715,10.418872,1096.7488,728.4135,101.92023
148.7386,519.0824,347.84756,179.5338,141.2499,8.785652,1008.79156,745.397,116.6394
148.74878,445.37793,327.74387,181.79007,122.4131,11.574661,850.5933,853.3082,102.71853
148.76761,489.57407,334.58173,185.28886,139.31932,6.6324153,812.3902,856.89197,93.293015
148.80034,527.92596,325.15887,140.56117,136.00996,11.57283,815.20197,811.50507,185.03503
148.80441,527.3765,329.23022,184.50539,127.70464,23.903923,812.93097,763.98303,95.432365
148.8139,488.94937,300.94086,162.4391,128.63152,14.422104,838.5197,804.31555,110.302414
148.81969,519.216,339.77057,153.13092,124.198135,12.622184,1119.8208,801.2344,183.80334
148.83307,478.17194,344.33127,179.22272,148.56126,9.791761,1119.7795,781.24115,222.0423
148.841,489.29578,346.2509,157.83911,144.09991,9.204537,1103.5161,862.61536,125.02363
148.86903,471.92123,336.23074,181.86176,133.9097,8.849467,802.2715,815.3305,158.31561
148.87228,539.4962,354.06647,187.82822,139.90646,20.891993,808.1326,749.05664,59.654716
148.87967,478.1632,349.31107,161.44977,149.6312,12.972216,1140.2102,730.3036,91.836006
148.92245,539.42426,356.89136,165.13443,144.3584,15.879203,1049.0635,791.9606,65.31553
148.92802,476.1515,344.2015,153.38223,147.17422,13.071976,1127.0035,753.9246,64.6363
148.94838,530.0939,331.1862,193.57428,138.84448,11.649497,945.5463,784.7821,165.94626
148.95712,516.53033,314.1242,198.32336,147.1162,10.792061,881.8386,780.6414,80.67216
148.96046,526.6761,322.9011,198.18887,132.13841,14.948249,1041.1604,790.9438,160.69165
149.00905,539.8997,353.5231,136.45631,147.89226,10.830902,1134.175,797.1101,237.98767
149.011,473.2954,358.95782,144.51617,127.2225,12.291018,1107.3213,811.4453,136.45662
149.01749,514.4106,337.76712,143.65837,136.59586,14.290652,820.46545,762.37085,45.04546
149.03369,532.2284,352.41458,181.75629,144.33864,3.6595104,1008.84174,804.4801,139.03258
149.08046,530.36383,285.93628,158.99925,148.47778,6.873736,1106.4336,755.15063,125.514084
149.09029,538.2714,336.8094,190.97388,138.16238,20.9467,815.22784,760.36676,133.41464
149.09254,517.76044,359.3333,140.52296,133.33553,7.6496997,852.7148,797.8376,69.4223
149.1127,538.2603,358.09116,182.66885,146.29477,4.602312,1024.5275,856.6791,149.20271
149.13255,522.8707,329.35962,186.75325,134.20787,13.313738,842.60284,733.87726,109.62654
149.1714,524.2297,300.83945,164.62581,135.18077,12.013089,1115.6202,761.5862,81.08972
149.19388,531.7133,331.72195,133.19002,134.05054,9.110272,820.5913,823.1941,86.7874
149.22124,499.9477,354.7739,172.04416,129.38704,9.662074,1110.0562,821.1204,71.257164
149.22221,538.9466,310.93304,187.2829,123.58704,11.836636,1123.8458,806.1014,43.437477
149.22964,518.6028,313.12222,170.12172,131.70125,7.434607,810.1352,860.0417,128.9349
149.23474,537.4198,343.82098,159.3413,143.48782,6.6776047,829.4452,911.78876,119.676865
149.24393,528.05615,337.74048,184.8777,148.60158,11.186765,1040.3474,752.52167,199.04314
149.28679,492.42993,305.19073,174.38187,126.7154,13.054718,1118.5103,765.23975,101.0746
149.35916,514.6799,350.86105,174.74092,151.61285,10.552101,1048.3857,799.29785,157.53394
149.38884,525.14606,307.1676,186.4741,133.75328,8.808667,1114.0205,815.1002,98.47977
149.40152,493.64456,340.09137,156.02187,133.42253,9.35861,808.17737,855.62616,125.97044
149.40794,507.68857,309.98166,146.65529,124.633415,16.706032,806.34235,833.38995,117.03481
149.44522,515.1656,352.10226,178.72948,146.01375,6.6078496,899.36743,820.06793,94.315346
149.49179,520.4726,346.99487,191.88165,126.29845,14.735084,1131.8477,830.9587,195.41582
149.56483,490.68753,296.01297,174.771,143.89693,11.94708,1068.1647,788.0877,98.39651
149.59012,526.94727,354.73334,162.79019,144.4857,18.45621,1135.7448,773.9689,70.9263
149.68562,528.0326,315.25394,175.56232,128.26814,11.87313,1089.8752,856.2934,128.51239
149.71373,482.008,333.76147,169.02284,135.54243,15.397649,855.7315,788.065,103.41364
149.72452,536.00464,311.96213,174.21834,143.97812,10.033917,1045.5985,840.08923,85.44598
149.81612,534.3257,289.94058,155.62619,145.44252,8.871088,825.19617,824.43884,142.83368
149.82057,473.3662,321.79642,138.70663,144.83737,8.431002,1134.087,797.1897,120.933784
149.82529,474.03156,356.90765,197.70195,147.43983,10.697893,843.0296,838.7484,117.76155
149.8497,529.11,357.76706,191.05962,157.0865,11.399187,1103.2056,851.8259,77.188416
149.93317,534.3092,356.74487,196.192,146.05087,9.900915,867.3219,775.36053,150.65785
149.95581,525.0662,353.73016,197.09865,126.73994,14.367166,1057.3011,775.8105,173.52126
149.99713,532.23206,318.36725,158.1541,147.9207,6.593649,826.6792,749.4306,144.82944
149.99812,488.65475,351.1031,182.292,153.43161,11.002325,839.2274,797.1544,62.8872
150.04886,498.61288,355.28024,125.80333,129.49338,13.389833,1138.7352,810.7831,123.59281
150.0825,407.6061,353.20633,178.75955,144.92885,8.931733,1125.5099,812.365,86.73261
150.09436,501.12085,276.53342,168.53369,135.911,11.400428,814.5082,777.03394,62.44885
150.10872,525.6133,307.2769,165.8044,124.12822,7.768251,822.4028,789.7912,111.15089
150.14595,539.6784,272.074,180.83176,138.382,2.2745335,1136.8081,762.3823,99.58203
150.14844,514.1652,306.69632,179.38486,145.82185,8.21895,1074.6749,776.28516,73.078384
150.1644,531.54675,321.96265,168.33821,128.44244,9.72671,806.3721,788.4022,194.90927
150.18271,481.8811,327.46103,193.35312,138.58748,7.518378,1047.1661,780.7543,108.13872
150.19173,499.62888,318.47305,180.21182,136.29192,17.001057,835.6874,777.0155,90.22051
150.27257,539.64734,325.83002,181.7579,138.72206,12.18897,826.10376,927.75244,142.21379
150.28766,515.42505,275.53867,147.22372,143.6898,10.733498,1140.0607,784.60956,149.21901
150.29468,512.1114,310.09268,166.28911,156.64818,7.945946,1144.1925,744.07886,91.51711
150.3019,494.46655,339.83633,163.90266,138.18245,8.698825,1041.5892,792.77203,84.87964
150.40825,516.4431,346.60764,133.75417,130.63655,11.59904,833.14655,879.00415,143.27898
150.45786,486.47504,344.5639,152.12305,132.15108,9.146496,808.5235,805.4218,66.6552
150.49612,476.9648,335.29446,199.68094,134.47987,13.240093,1142.328,760.95215,58.24745
150.50443,537.4322,355.38968,179.76947,128.67046,11.914148,1107.3213,872.93823,204.21869
150.55188,533.42786,321.8729,173.43738,135.89537,5.5223923,1081.971,786.9261,79.405396
150.55511,518.4311,349.72116,180.76865,125.7425,17.081446,826.62634,725.68915,120.10815
150.55511,501.94183,347.6503,197.44392,148.79695,7.1998415,806.1203,762.2287,133.31714
150.57509,463.34512,344.83624,166.39267,131.26405,12.518768,1122.9319,776.3071,114.43541
150.5951,517.96576,356.23904,167.82109,129.71921,14.019161,832.57477,778.0456,202.47073
150.60725,501.41922,345.75998,177.37442,149.71251,10.77733,1043.4628,756.4583,67.07725
150.64963,517.51447,294.6817,175.61734,135.1452,10.549395,856.00616,831.84143,83.65351
150.65869,493.02054,322.06253,150.24376,138.4796,11.109265,844.83673,763.2762,130.1027
150.7411,517.05457,320.72778,172.42,135.41765,10.096088,864.3756,798.3247,127.060104
150.74727,500.97214,349.50824,186.61433,144.05048,11.1390085,1144.0139,786.4269,27.916317
150.74892,518.2339,329.01096,185.62523,134.42372,8.788264,822.8651,774.341,81.85416
150.78221,516.7191,320.5405,195.64864,152.09949,11.194911,1084.9465,762.0547,124.38705
150.83437,488.93863,333.85434,182.4614,145.11029,11.106865,839.07513,877.4932,79.64926
150.8355,532.25885,355.09628,179.61038,135.23062,16.82458,864.83887,808.9884,101.99755
150.8891,515.4407,345.88614,187.2975,143.77371,8.627889,1120.048,833.54095,191.18112
150.891,509.5914,333.18192,134.6111,145.98576,9.075293,1132.6627,824.4647,83.09258
150.9029,529.3979,295.9779,198.57463,135.46191,7.010805,822.23474,772.4728,87.2511
150.94308,532.26807,350.6822,175.8489,133.63531,10.055758,1056.9131,744.58,105.2463
150.94653,527.6249,349.84354,175.3337,144.14421,14.028937,1062.1854,811.12085,87.333565
150.96991,514.75964,338.33282,182.247,149.87718,6.4006577,801.69794,826.52826,121.978195
151.00783,507.2407,359.3181,173.56943,135.74768,10.841758,1093.565,766.9495,191.45212
151.06374,518.20544,352.15536,176.9204,133.82812,4.660429,824.1734,769.6157,108.29675
151.25679,475.95947,346.33005,195.37785,141.70909,11.394568,1097.906,767.37756,89.88205
151.28252,494.5633,353.9665,180.9595,131.55008,18.504204,808.8717,863.61194,109.19514
151.30893,516.32184,313.93835,190.44362,145.68262,5.691138,1140.3301,880.7669,106.48454
151.36441,515.3866,349.55103,165.88277,126.627304,6.212108,817.97876,812.5447,65.03955
151.40926,496.84818,354.6657,186.33311,136.47655,12.741015,1010.4291,786.06055,134.50577
151.41228,493.46075,270.32166,169.07819,124.89101,12.004051,828.96173,768.451,108.07966
151.44778,515.17834,350.1393,196.85439,149.10275,6.4844813,804.7164,810.54974,106.04089
151.47723,527.5472,339.37103,169.91917,141.97705,14.703286,1099.3334,772.4723,100.3449
151.54674,528.8875,351.06778,156.083,146.54495,6.7159863,846.52765,845.0009,113.55788
151.62563,539.03436,290.16534,177.87198,124.644226,14.634909,821.72455,821.8616,57.374435
151.65996,508.6059,353.95557,194.5306,147.33594,6.5295024,809.62506,812.45276,129.00475
151.71503,489.65668,331.92224,193.75592,137.71136,13.658186,810.1405,750.7993,150.73045
151.82185,514.4899,347.8463,167.59776,139.32448,11.602399,1062.4598,758.3683,136.3702
151.90314,480.7016,283.8577,180.25475,149.916,5.9749556,1142.9103,810.8906,94.64968
151.91945,502.4205,314.32333,186.89214,122.88416,13.4744215,1142.5883,826.2594,135.37022
152.064,532.9172,313.9653,172.02412,145.23764,9.9986315,848.3033,791.69073,120.03943
152.1112,537.5394,352.15872,149.73384,141.34692,5.4731436,1126.2883,819.0114,82.649185
152.13281,523.1186,335.8557,140.17917,128.37889,11.196525,1127.2059,752.6101,95.72785
152.1338,532.2759,355.32635,176.32108,143.66017,11.509745,1105.2814,755.57196,41.418457
152.2495,512.80365,331.64227,156.70943,125.03634,9.611093,817.462,765.15265,59.74284
152.3847,504.95288,322.19232,162.36316,131.72421,15.4891,827.27026,822.0878,83.01745
152.455,507.23685,349.53796,197.81679,144.0229,11.729737,843.58514,830.7713,147.4069
152.552,523.4113,286.24796,185.2293,131.25111,11.837555,1124.0603,811.97205,96.493866
152.55257,520.5157,347.90912,195.49655,132.28535,11.377036,1094.317,814.6485,124.439705
152.58447,537.6807,344.5869,188.756,150.64595,5.747203,1133.799,801.62634,185.0263
152.60638,532.0918,288.18872,197.79085,133.19829,11.347533,826.00977,858.1527,119.58447
152.8623,526.23145,340.95895,142.99567,141.41058,8.932187,1112.6578,810.0119,109.939735
152.90854,522.6344,331.27533,182.61996,124.401146,13.884572,1102.3884,789.51306,154.51895
153.00925,517.799,299.71774,173.3442,145.44337,11.069319,1122.1697,776.7502,66.33067
153.03749,513.0324,339.17233,169.28078,128.30283,11.903025,848.041,883.721,120.080795
153.12877,527.40125,270.75793,177.26158,136.03474,8.848262,824.35126,807.93567,128.08
153.17027,539.47614,312.61142,163.58788,131.38432,11.636872,1142.8015,848.4577,163.3197
153.23218,483.8535,317.84918,196.42447,122.32208,12.989539,803.5782,843.9071,96.635796
153.26271,527.3614,309.10306,179.12383,137.92296,5.256868,1134.6881,755.2415,94.616646
153.34915,500.53726,341.04822,147.17659,134.15369,12.556947,833.1939,766.5774,92.14104
153.40445,524.57043,340.6733,180.68835,170.44977,11.502657,1144.3192,788.38434,109.75745
153.41878,529.883,337.7961,182.73444,122.081894,13.739731,818.6822,888.0531,158.0311
153.62418,537.20703,347.2592,157.28871,150.82837,13.015989,812.73157,771.32336,74.73737
153.64052,479.10406,359.33182,179.15417,150.61385,10.525545,1139.9974,794.72906,214.29996
153.82498,539.5111,319.21167,161.29904,123.83781,9.372453,806.5121,845.60565,94.66926
153.9309,501.17108,322.46167,169.85054,135.9445,5.609887,1138.2128,791.50745,102.88129
153.9316,533.6613,298.92294,181.5519,127.63021,7.230241,827.57446,834.24304,134.03801
153.95905,538.9464,342.4054,188.1808,139.39865,13.983505,1102.2904,789.1989,151.95941
154.14662,508.64206,358.3084,143.60478,126.36673,13.33457,809.4678,855.3476,119.42965
154.26181,528.3491,349.5198,179.8023,141.84747,10.034305,843.7026,861.52844,115.16719
154.38544,536.6772,314.24686,196.83905,129.74954,11.939421,1056.164,800.6857,107.50397
154.45143,504.13794,330.2544,163.40894,129.84207,13.108165,829.342,826.3758,128.53606
154.52094,526.7632,356.4561,191.80063,133.98778,10.984347,1103.4203,829.8063,160.78133
154.5806,525.3821,357.78305,178.82462,149.33163,7.8376355,1108.3237,784.93884,191.23814
155.07193,500.14307,326.74576,183.6228,139.08342,12.686145,814.6411,781.43256,92.63434
155.16388,508.84683,355.64926,150.39375,122.81419,12.516329,832.8973,825.25653,85.428
155.38374,532.5988,352.71503,158.51015,143.6847,6.84049,1121.2523,770.955,181.39037
155.58961,506.4474,303.6195,179.90044,123.30748,12.742633,827.1235,789.6516,63.648876
155.72482,539.01886,348.07486,131.36516,138.26958,14.550897,1143.2312,766.76733,98.386
155.8684,494.05524,348.88867,162.03748,137.03651,11.18753,820.10925,806.5308,131.62457
156.23915,505.55298,344.38748,152.04997,140.12373,11.101592,824.98926,838.23676,100.47996
156.70041,535.44366,343.67276,178.45488,144.43745,11.065539,1118.9673,736.63324,125.15133
157.89748,536.91595,352.17612,178.83138,137.17184,7.502562,821.6068,780.98016,63.56423
159.63628,506.32114,359.08112,176.39522,122.26957,11.709363,815.4446,822.4236,122.32174
160.72218,531.8911,338.2258,194.73679,139.78383,10.7741165,1126.0715,771.21686,111.0417