Concrete Compressive Strength,Cement,Blast Furnace Slag,Fly Ash,Water,Superplasticizer,Coarse Aggregate,Fine Aggregate,Age
90.88899,509.25006,273.8594,65.39318,122.160286,13.637945,951.8619,970.8762,258.88608
91.56904,364.1877,181.20486,124.14383,168.94145,9.418566,821.8816,809.83966,235.77019
93.3775,461.91592,261.64505,21.927877,154.61826,13.185123,878.4955,758.2065,290.36963
93.476585,363.63263,354.21664,33.78958,146.19106,17.038982,926.63666,836.0717,364.96124
93.688995,427.84586,314.44116,187.46716,193.66153,27.669083,899.0914,957.2953,146.3408
95.64158,509.60587,159.27989,14.106976,152.83517,24.681728,1118.0132,866.7939,115.00415
95.67075,374.73895,241.32916,39.07,135.90756,23.206047,983.7271,799.11896,189.30215
95.87779,407.56546,227.41315,123.002235,177.2152,11.683332,1024.2,740.0133,163.64401
95.877975,421.61206,242.42912,163.26628,216.70714,6.19695,1020.36475,748.74677,287.62125
95.985596,530.386,194.90565,166.67982,220.99557,5.541625,838.96643,754.6546,319.88132
96.10334,342.70212,208.20033,139.51768,163.06267,22.90143,1063.2175,775.54553,60.78503
96.886345,484.24405,125.39743,176.28236,174.8806,19.651377,989.7607,765.2033,116.96839
96.889015,517.40015,195.52019,128.45975,180.39934,13.298329,1063.0795,699.46014,149.62782
96.97724,497.5432,240.03964,43.249817,140.35251,27.624449,852.5519,813.57355,171.15475
97.4794,443.47525,249.2363,192.01044,187.13484,24.138762,1092.644,909.04236,124.806564
98.04288,372.86282,341.05365,93.75039,175.34006,12.265226,842.4497,857.1283,80.79154
98.12993,425.96152,349.6733,21.129726,173.5761,3.4862332,1110.0444,831.93555,298.64615
98.26896,403.21622,337.76984,169.11833,213.00587,2.3454914,1092.9392,699.3233,219.47653
98.70096,440.64267,248.3695,199.05003,188.01157,5.381323,862.1702,958.49274,122.928474
98.74837,537.31805,344.2393,56.9817,211.71204,9.806643,1012.4385,794.9834,323.05026
98.77174,328.05966,243.23245,173.3131,129.41801,6.0245204,1068.0956,863.3156,130.69443
98.845436,299.6714,199.06111,163.63145,145.43051,15.17067,1083.2058,838.378,181.6968
99.15249,539.4991,152.13277,142.1681,161.56088,0.989554,849.63275,862.2339,346.67108
99.494225,526.2911,12.544917,175.43874,139.96011,16.616522,1043.0692,747.77356,324.0101
99.702034,531.0767,139.29782,61.986195,139.95604,13.771636,1094.9325,886.2185,323.85764
99.784515,367.50693,346.4462,44.674335,166.00371,24.408552,969.9365,739.89703,95.23741
99.89289,491.5288,165.46571,193.64743,197.7437,6.343581,816.2723,793.7678,252.54047
100.07703,528.93384,279.3821,26.7931,145.7351,3.451035,932.01794,969.6401,237.34076
100.150925,475.14084,318.265,195.6221,203.19063,25.167421,846.8848,672.3819,281.61896
100.292656,431.96246,289.90704,182.56676,137.29718,3.58975,1083.5359,835.4138,23.654703
100.3703,466.31476,226.23425,114.56033,181.95772,14.559757,819.36383,787.29865,245.25362
100.49382,459.38858,300.8266,39.94959,165.07407,30.696259,1029.0408,871.9655,210.02943
100.84413,473.54883,350.94714,139.42056,130.77022,2.3271642,947.13934,920.9424,43.930832
100.85575,350.5655,320.98767,144.85439,168.54811,17.97807,842.0179,966.3931,197.07324
100.90671,451.02377,332.81897,75.49356,188.07791,12.527601,807.09296,628.41235,204.48853
100.98176,452.4742,40.830578,169.50339,128.25815,15.835315,1102.0973,765.3137,128.95876
101.04221,402.5354,121.34542,160.66452,136.23105,22.642714,1075.3022,773.81305,176.3559
101.15084,526.55914,126.95948,174.33359,155.68335,24.823908,993.434,709.91693,68.33236
101.244995,514.30347,232.08968,158.31009,207.91823,13.601937,1099.5789,827.34485,172.68796
101.31034,344.19107,324.86688,180.39845,199.82652,11.522601,890.9959,783.2974,265.3787
101.31646,454.06616,294.54968,167.13712,150.39555,18.231932,906.81494,658.12756,56.893303
101.56358,265.30994,266.2018,182.70552,162.36967,8.085783,869.148,797.50726,139.3462
101.5732,517.57654,356.48114,107.00892,191.39406,4.358818,978.4663,828.6114,225.54173
101.59002,514.13153,291.59457,123.42714,158.53384,26.190844,902.34894,885.48364,278.58554
101.70858,309.66226,328.03238,187.06902,207.9133,9.322383,1043.883,848.0312,94.15916
101.74853,457.47302,321.59308,47.848766,201.6498,11.953054,1131.3301,802.61523,77.87552
101.78709,399.47073,199.90689,167.97057,147.15565,19.442589,987.05774,798.4075,339.28104
102.15327,468.31143,290.9851,91.493706,152.93384,27.195713,1020.53925,762.3938,360.55057
102.20769,534.9364,206.74753,180.94452,191.67441,28.651619,1040.7224,799.80115,112.826935
102.270935,332.55692,239.97046,113.18977,123.7849,22.412746,1087.1028,812.1081,110.50524
102.36779,412.44507,332.92395,61.949425,169.82587,16.370459,835.2434,659.11084,131.64537
102.39145,389.93878,334.30716,55.13787,163.1545,30.329107,1131.2874,908.0409,243.46094
102.57841,284.5077,326.40207,140.9301,185.18979,12.650097,1080.1434,848.1959,81.52543
102.596725,411.92438,351.49594,132.86736,163.70105,12.975542,1076.2422,827.3736,23.97718
102.876236,519.9461,256.5595,138.54959,204.08344,1.4360031,1131.2041,837.18207,139.66716
103.11022,405.85907,288.35138,29.317427,146.92923,19.309486,1044.0581,878.40125,139.37172
103.20866,427.99112,187.3766,166.78006,140.90576,18.094727,1144.7573,703.01794,355.22238
103.2146,536.1659,286.60394,99.86218,175.17178,27.087614,839.48846,814.4012,105.898766
103.22249,516.50354,355.0805,94.7226,156.37126,27.43171,938.6816,693.615,336.86606
103.4187,485.97455,232.31914,163.94756,194.30798,2.3535109,1093.4207,754.27277,354.40292
103.610405,349.5562,312.4417,140.75835,146.36594,18.055351,905.963,837.1113,300.83966
103.72557,499.1073,325.8168,57.67068,130.1626,0.640864,964.61053,731.1795,157.81535
103.729095,506.29315,111.55408,131.91927,163.45761,11.42504,1077.2924,884.1878,152.01898
103.76285,532.13544,179.08897,181.682,180.07951,4.6578164,982.10187,734.595,48.156693
103.772736,537.7371,254.68208,169.54936,218.64291,6.8274326,890.4368,740.37976,188.52419
103.77719,406.57416,332.24142,91.770355,161.93562,14.653456,803.46356,694.39856,285.3707
103.78895,376.46893,303.02872,168.98059,174.10431,6.6218066,880.22974,721.7855,163.87589
103.804634,496.60864,317.78134,100.60931,144.41644,22.333698,869.1907,667.5699,295.58597
103.97043,346.30408,314.49506,119.458824,136.61601,24.369207,1070.9641,882.5763,310.557
103.97092,533.30164,89.11805,195.64732,161.08339,12.913552,846.6699,726.24866,183.19025
103.99965,528.42365,165.48106,134.55699,132.67229,17.944656,1028.6179,943.93384,205.66455
104.04742,350.7671,359.17075,28.17583,161.15158,8.062043,802.2523,718.7069,176.55472
104.06321,457.00894,277.61383,178.57196,204.51108,17.245615,1046.308,796.29834,62.594303
104.11721,455.3422,220.68204,99.4388,135.78896,18.968006,995.4802,800.0558,185.14755
104.13136,344.1057,341.5139,30.623655,135.82492,19.042711,1038.07,837.33984,273.59814
104.198524,498.55136,291.47122,9.730341,145.88654,17.662165,918.42865,718.9238,228.7209
104.29275,328.71323,299.90857,167.8454,171.21796,4.5431294,869.1895,806.9846,85.33438
104.33166,474.61002,336.62,126.550224,175.00272,11.28071,852.648,712.0991,29.270403
104.359634,401.3416,176.40182,115.24918,140.23636,3.8863425,1037.2474,793.37744,167.59843
104.37956,400.76538,299.73032,147.1423,138.6766,16.44238,902.23553,872.71124,326.01843
104.43817,309.97824,335.55142,178.22166,136.39127,25.522467,939.17523,982.03253,101.92378
104.455605,414.3537,340.78543,198.24258,142.86133,7.0433354,1014.5932,625.70953,290.5689
104.46939,242.93279,289.77887,179.37604,169.69267,8.046384,1120.5728,817.99255,316.48596
104.48098,537.67914,94.51674,133.56897,124.48119,8.3259945,1078.8866,876.61,259.338
104.52924,511.62592,217.63538,176.90167,125.03392,11.574081,913.8419,744.77356,19.315893
104.54006,535.3718,290.6703,27.917868,194.81027,18.673311,1140.0891,760.05145,124.60314
104.550316,519.8908,152.45422,86.93155,134.58142,7.2775955,824.48755,809.4149,64.222336
104.656845,526.42926,113.20309,184.20732,127.43979,31.631485,991.7671,834.8412,211.28712
104.740234,505.53217,167.20428,181.89037,161.71898,31.05652,1058.7737,892.7134,177.77132
104.7608,420.56052,358.14966,99.51587,165.85353,5.902492,901.4072,774.7293,223.83833
104.76345,369.5759,333.06973,123.74041,123.19553,24.447128,1022.1132,717.1909,56.417847
104.78792,451.75464,266.89584,144.86215,141.06963,26.270111,1049.656,987.79846,104.08159
104.84141,518.53973,351.20886,88.88002,154.83519,31.136637,936.4828,920.9198,88.82228
104.86659,466.3999,226.82826,171.01413,164.99434,16.262545,1072.8635,974.3323,155.01785
105.007355,390.39603,311.90488,188.65657,173.39093,13.412511,1009.45197,967.9397,101.8622
105.0093,453.07407,210.5855,164.44266,126.910995,19.558664,985.13336,844.24054,259.19128
105.009636,414.228,340.53754,101.23904,134.97311,10.131546,968.80255,872.9723,285.52313
105.07921,376.01627,179.56233,161.2698,156.74956,12.656557,1110.6675,873.7213,108.71351
105.12312,536.6545,339.22556,194.73328,203.1361,15.520615,884.10956,893.0586,297.6812
105.20714,415.55728,258.3941,126.50231,159.721,1.0613712,1111.8871,814.79987,152.88486
105.24064,496.5496,294.78702,177.1802,173.20984,14.227824,1037.8698,983.2485,54.97504
105.27764,494.5177,285.5699,124.98558,168.47296,32.175617,968.3981,740.7941,143.12512
105.33671,355.5969,345.7946,172.45476,232.30966,24.000443,1121.7079,772.4814,236.22157
105.40618,356.27322,328.0359,111.012024,151.58205,8.318494,947.93835,733.5202,170.96164
105.50591,407.4776,357.7641,53.71717,163.33943,20.081648,1138.5894,937.7113,194.71854
105.55142,517.3992,255.01678,173.7438,184.15764,24.018072,1013.3438,811.8356,241.13574
105.57372,506.11838,344.20154,135.40793,182.63971,26.726583,1003.9048,925.9601,97.936104
105.71303,466.0349,319.56732,82.75187,127.946434,31.687246,881.8031,984.98206,147.82756
105.75859,376.9843,253.39857,122.56156,163.47244,4.971051,1052.6132,774.1371,132.1272
105.78005,318.39844,193.69376,160.20982,130.1832,13.299048,1126.0686,760.3721,177.28435
105.79889,437.1504,347.54242,35.557903,185.0089,13.98149,810.55725,777.3136,280.83597
105.90238,497.17685,300.55447,175.80507,200.93405,23.963583,805.84644,802.5861,58.371765
105.92207,530.5862,298.3682,170.4347,244.86205,7.7772055,1117.1846,839.98944,190.90657
105.92309,502.69904,327.66687,158.16612,184.7007,16.08027,1007.64136,991.4877,277.91373
106.04557,196.88455,337.73312,67.49621,133.07005,14.13446,1142.5925,793.9274,221.4525
106.11386,430.1773,308.44476,173.44208,166.90688,29.115742,920.3175,898.825,115.40932
106.129555,433.7397,219.42842,166.8471,153.51382,19.30844,893.1633,789.817,296.4572
106.16375,499.629,335.69513,142.39594,170.7901,30.95688,937.154,727.4935,255.50455
106.18358,354.70316,346.09006,148.95839,144.9913,21.571342,931.53235,982.32996,86.41674
106.2015,258.75626,288.50897,128.54385,130.16241,20.558094,1038.3639,788.7452,87.64239
106.25525,470.16846,319.20483,179.2748,208.21967,30.182995,1107.6521,851.1288,219.47462
106.284134,431.57162,249.52046,137.41425,138.15334,31.407957,1081.4028,837.3054,360.08322
106.45503,244.70525,291.3708,126.81431,156.53342,4.485833,1130.415,795.7929,227.64337
106.58414,439.64233,284.57962,115.06031,148.86668,27.20625,1047.4983,695.81476,176.803
106.61285,448.3224,314.64038,76.19481,172.62045,7.73502,1012.7799,759.7472,95.48478
106.61754,498.59003,335.66168,68.80348,140.1568,17.725058,984.64166,705.6336,351.5191
106.62082,473.9436,297.4384,124.713295,139.95564,25.580389,848.5597,847.526,30.65241
106.64943,506.47336,170.83194,191.02998,158.1054,19.859705,1068.9352,971.4152,159.85364
106.7732,517.39624,246.5172,137.77524,163.764,20.507421,859.76575,985.3491,132.22618
106.80932,479.33124,323.26587,93.310646,156.08563,9.371812,1014.616,687.313,316.83453
106.82774,409.07404,292.40692,145.46283,140.41476,0.8377596,824.07526,902.17426,228.62021
106.83533,468.19714,197.04541,173.03384,138.72551,12.704316,902.9781,846.70154,255.87701
107.00416,527.86597,212.98914,27.975197,137.3664,16.746677,976.10376,800.4278,172.67181
107.038,405.64682,358.8558,150.97377,176.94829,4.4114895,861.5066,899.5031,100.527214
107.0427,307.4103,282.1337,168.48755,144.23694,8.3456545,1117.7744,691.1776,51.691162
107.20567,530.352,276.20288,199.98656,218.44824,21.650433,1101.4298,851.2663,246.07951
107.25707,413.9239,292.72018,39.83217,122.765656,21.54954,884.0529,776.5318,125.54519
107.27492,445.4848,192.54442,121.55937,143.40991,1.1896476,1095.1968,800.43286,174.95352
107.29778,405.96777,355.33362,162.61157,174.9568,27.76804,952.7992,846.3741,86.82969
107.30524,468.46997,216.91887,167.31108,164.69116,23.793295,1012.9113,803.2178,239.74013
107.31628,500.8124,273.4163,189.02153,167.83447,15.410549,1013.5584,640.5803,76.16658
107.34823,526.5332,108.71064,46.708893,146.97737,10.150074,1135.298,815.9322,299.72903
107.37033,493.28412,218.10074,160.80115,138.82643,25.74724,832.5295,854.7308,299.68765
107.37278,537.7002,327.52698,82.62469,165.63739,10.153191,1026.6426,982.0837,343.28128
107.39208,443.00928,309.35452,90.717064,135.89194,5.6155815,952.34064,782.9058,284.57385
107.394455,535.5215,264.71466,96.11602,150.57991,29.525137,946.4454,847.7577,141.24933
107.5155,392.15515,231.88797,159.06468,148.37982,14.662207,887.7592,763.4678,232.42227
107.51933,496.5322,338.04617,79.342316,133.84224,4.300128,1133.391,633.3498,65.95338
107.55789,535.4827,279.8847,175.54065,201.85994,17.71236,1060.976,705.5211,227.8244
107.56993,414.78406,340.83365,33.763268,140.97223,3.3173952,1046.8711,773.13385,98.47861
107.60447,498.3019,154.22078,46.72759,123.56748,18.81635,1127.8843,843.7079,154.5279
107.67036,444.20288,288.8043,155.77051,179.14685,13.146395,1003.8766,697.66846,141.85893
107.70508,480.4776,176.40198,131.75923,155.57274,16.025131,1048.7355,740.64087,165.4573
107.715645,304.71918,353.92746,191.03642,135.94215,29.530731,971.8319,955.23444,121.47441
107.74442,511.61386,203.04552,149.71149,172.15201,7.3244514,874.8152,743.9565,165.28662
107.80948,457.56244,307.85196,184.2926,184.88045,18.938753,861.399,706.5546,212.0523
107.86153,331.89075,341.94095,170.02919,165.8053,11.174412,1098.9833,940.6715,92.701614
107.89192,388.53098,294.63354,121.85095,158.29626,2.4788709,1091.6931,795.6115,78.47643
107.89452,325.72137,325.55984,176.35161,203.38771,9.825388,1080.9635,712.2689,162.05904
107.90625,455.03,258.3051,38.96827,155.22913,8.364135,1098.109,835.86334,97.581635
107.915085,440.2795,284.01328,124.4944,169.02818,7.92054,808.646,883.31104,245.95319
107.92388,359.29648,331.58188,194.04091,145.45381,4.7948003,875.87366,879.0255,311.53043
107.935616,412.16177,222.81773,175.93509,139.28468,28.323906,1119.8281,862.06995,291.2159
108.03562,465.40848,357.455,84.99314,138.7494,14.4885,816.1407,964.3367,358.7335
108.049065,399.01718,347.8525,191.8221,179.10405,23.72477,987.687,863.4644,294.7093
108.07121,456.06573,333.52982,53.065422,170.84084,15.874964,1072.5597,709.7072,220.95769
108.07182,413.4033,257.935,158.54091,179.86105,8.587067,1057.2323,818.19055,196.51013
108.07623,270.87207,298.8467,139.29329,146.75787,8.217375,864.5229,784.58966,52.19391
108.08418,459.1517,248.45181,150.50362,126.17198,3.396115,921.66394,842.15936,206.82893
108.095856,494.6291,301.7892,89.56434,157.5917,27.245052,810.4458,717.49005,201.18805
108.17266,442.80762,247.08478,153.69658,206.60396,4.914533,1144.9271,828.37646,345.05603
108.249825,336.26352,347.67938,16.055033,165.40894,17.524553,1091.0581,816.6056,143.10258
108.3181,535.49725,144.89932,15.178269,151.30803,13.692389,1082.7316,782.1411,321.26187
108.40487,457.3122,283.43835,174.94875,158.70726,10.819105,841.5743,651.9362,159.62119
108.47668,446.50516,253.16185,126.551125,144.08177,27.35862,1117.2328,853.9332,282.6906
108.58308,303.35455,288.94357,11.357154,152.34535,16.596027,1104.8934,771.82544,81.07818
108.59709,517.1478,244.21451,107.88474,128.49413,20.932022,813.7361,722.68365,253.98405
108.6769,382.10373,239.00342,166.12662,174.85117,12.236518,827.354,803.2152,199.68437
108.69941,445.2944,154.56076,177.08856,123.140175,18.876804,862.24927,802.63965,62.601925
108.82268,522.8584,336.28076,75.70796,162.83884,6.36122,996.1878,920.09064,149.0421
108.843506,438.35596,289.04306,158.13669,148.84123,23.626286,898.89484,719.5516,55.133106
108.86168,350.04526,296.26025,129.02138,152.19952,24.806862,1117.4055,716.82166,197.5959
108.93026,477.47195,269.175,133.47061,140.80583,18.346287,919.2434,989.9812,128.87163
108.940216,467.05817,233.86943,175.29428,125.82852,28.721272,950.38025,875.2812,206.64159
109.03599,406.67813,327.20087,116.42544,191.35565,12.151244,1105.6963,760.78485,71.58921
109.08118,488.15845,273.9995,167.18727,152.45786,2.267426,940.9003,672.0044,63.454384
109.1173,442.79636,358.30453,10.691546,123.84539,15.937648,945.37946,719.8222,104.1048
109.11767,506.88242,165.98903,143.39119,130.56833,9.120419,956.96576,869.2873,169.84322
109.16981,305.82053,322.43747,191.67796,176.72084,19.24175,1132.562,875.41315,334.91388
109.18954,471.13052,293.71155,13.002495,127.049065,8.706941,817.76953,864.42676,158.87378
109.30106,382.45316,304.26843,134.38518,156.43503,25.311962,949.1825,825.80035,151.56293
109.30261,435.6841,322.73392,130.26425,159.30638,7.403603,921.078,975.6532,115.790695
109.34317,397.16873,322.81662,141.67097,174.33774,13.8995695,993.3507,857.15076,90.34703
109.347015,525.71234,353.6435,120.54315,156.33908,2.0273201,1077.3091,635.8097,269.2087
109.39369,500.4435,321.96103,159.69855,184.58308,8.3194065,968.337,862.9225,299.66055
109.424194,489.69528,234.65775,134.00287,148.27379,26.430845,805.7185,978.8459,140.85727
109.43316,394.12228,330.08267,139.89107,180.51196,16.747417,1019.1919,799.8381,298.54138
109.435814,535.4637,342.16428,113.83088,132.18994,0.7596456,981.96924,914.9988,297.45227
109.48933,410.83698,313.0234,125.72043,172.1959,19.829454,816.4758,783.3347,342.91113
109.50341,472.27393,307.92035,78.62963,131.02266,22.58584,913.7521,705.1624,130.776
109.51302,485.37582,283.21234,104.464134,170.96867,4.5103736,1133.6637,684.39844,152.20872
109.52966,393.46985,199.459,194.61957,141.1309,9.567479,1026.2771,720.9007,132.32092
109.56031,491.84747,326.9203,152.68538,180.4046,8.43942,915.6666,853.2248,285.38446
109.62245,444.8164,223.70447,87.89518,142.54839,13.677458,1103.551,762.4954,189.22363
109.636375,399.88593,285.64157,175.69218,160.66325,19.134438,840.41235,946.91595,87.98578
109.63927,449.56274,331.4568,141.77748,196.24191,26.171902,1092.5422,762.293,137.73566
109.64852,510.18497,281.89886,108.57327,147.77237,25.73947,895.1075,880.37317,91.75504
109.67486,380.202,298.49216,174.47095,157.016,17.413006,899.26636,948.5638,137.88338
109.6801,386.7551,277.87177,175.02725,172.07736,10.769544,828.7542,785.70874,26.206219
109.74719,425.0057,250.82512,179.16179,190.20465,9.270619,1073.1587,774.6181,267.53854
109.75273,524.86566,339.5956,62.40257,157.20027,5.059786,1008.5537,645.25354,159.97124
109.77619,441.5879,343.5881,58.231182,140.6719,27.767,1038.1138,904.4223,137.33469
109.814705,530.7759,89.32195,145.93893,147.35228,0.78772134,1085.2794,834.70197,227.42291
109.82474,502.36633,354.45612,99.335594,170.07573,3.1664813,1045.593,672.61383,171.53831
109.8283,265.45996,269.48105,194.79079,138.89993,16.093538,821.5924,765.85547,168.80568
109.894745,520.0195,328.05353,71.66616,133.29987,10.59279,942.8612,983.40216,136.59523
109.9279,393.7191,335.80148,158.17683,156.38506,28.088972,820.0866,910.608,244.26888
109.93043,493.11853,233.58035,167.97429,129.37473,22.632744,960.4582,815.734,345.9773
109.94335,414.07852,343.54135,160.67908,153.94894,11.172225,1055.561,974.8039,307.4075
110.004745,474.18158,297.54407,192.13834,183.43913,4.7747126,1008.13715,632.5197,96.97732
110.04838,528.366,18.044638,162.65744,123.68449,13.985548,1067.2391,775.3836,90.16137
110.07761,387.17587,234.21095,140.38097,136.84184,24.658937,1012.8771,821.1982,116.478676
110.08243,489.2354,350.3326,43.95831,179.17038,29.94379,1092.4003,787.4491,338.417
110.096756,314.13977,284.74365,159.56335,132.57228,23.95815,1018.9853,751.8521,84.87752
110.11393,510.9491,195.94368,128.08461,146.18224,26.962852,1124.1909,809.0715,265.6965
110.122215,392.29114,235.64157,158.49548,196.85085,9.875646,1128.5226,799.64606,294.70377
110.16404,296.20093,301.46362,194.37563,149.77693,16.510693,1008.17224,816.63885,329.27808
110.17197,416.38876,321.29846,149.82025,151.33612,5.4663663,829.0399,669.77374,239.5529
110.21173,521.23517,332.68695,118.75773,133.47151,28.151348,879.5429,660.7725,155.5727
110.21411,312.25098,316.48657,147.69797,188.03172,11.712503,1130.396,872.27435,175.43633
110.300125,336.00647,318.9396,29.586538,131.24655,21.978657,1120.8661,734.12103,67.92047
110.32958,449.52316,286.83228,22.169287,143.05237,12.45507,1087.622,854.3657,315.42908
110.33375,539.0567,299.04977,128.3067,153.51425,22.457563,807.1554,644.97766,39.469917
110.3378,516.2574,278.36142,79.920364,154.44434,20.359884,935.2399,797.237,86.417946
110.40135,519.3244,276.32263,62.17245,142.49745,23.063822,1063.6017,859.36633,192.22734
110.40206,530.36884,308.63705,32.277252,170.50754,31.209,827.22186,770.1303,146.42664
110.449394,461.7912,251.86302,93.489395,128.3748,17.132881,1032.8655,753.73004,164.71916
110.466736,374.95102,331.67667,172.74411,172.85751,8.454491,1118.7676,942.8177,184.07982
110.48629,288.0433,279.8431,159.38263,154.57584,21.873085,1053.7549,782.51825,205.88844
110.50324,472.45398,289.41855,180.16254,163.45247,7.7502203,1002.78235,671.351,347.06415
110.5225,529.8039,154.95389,173.43686,130.2759,25.139103,1086.8586,714.78955,94.54826
110.542885,530.47107,340.4496,14.129013,137.88208,5.451278,1051.2727,902.0081,286.98108
110.55985,517.5538,224.02235,133.11224,138.87364,18.789465,893.2092,806.3266,274.09332
110.5702,349.41745,320.06256,194.53343,145.7699,21.356792,1053.1895,947.4611,278.32156
110.598625,451.2434,289.4305,118.425446,144.32603,25.763878,1075.0035,717.6812,246.84349
110.640755,272.70242,353.30902,178.88574,126.02308,4.3717794,1050.7734,791.83484,146.45575
110.6418,394.62823,219.33429,184.23479,136.01509,3.2110765,1086.8,742.065,198.29247
110.65106,447.48386,230.92445,128.01593,172.69295,8.371649,1093.1818,795.8068,203.73503
110.682175,450.09927,122.32008,178.40935,146.93918,16.080757,1010.52405,787.29504,124.91993
110.72591,263.5678,323.9313,199.62518,162.90323,16.23348,1048.8656,886.8737,110.80598
110.73341,461.93314,330.5786,113.226265,155.8207,12.746593,832.8115,732.1674,323.15372
110.735725,511.24594,327.71075,148.5063,190.77927,4.323129,850.9923,724.3118,218.09354
110.775665,453.14804,294.63004,120.49728,129.97025,26.97331,1081.8304,699.8281,114.61969
110.78241,320.858,304.78384,68.93116,123.342384,13.978595,1108.2191,800.6552,79.55897
110.83108,505.87167,314.25995,19.39471,179.77463,30.722687,1100.5873,773.53046,176.3408
110.861275,413.57254,318.82138,181.95944,169.91768,11.438395,838.5474,678.67285,160.65607
110.91022,428.67007,293.51364,139.93594,133.84865,24.1452,976.85333,933.35565,160.30775
110.922806,372.5778,350.76105,59.81628,177.9364,30.056318,1137.2655,765.8159,134.16794
111.047356,528.5123,263.09708,132.8459,131.26086,4.530333,1083.986,935.8755,214.22482
111.09302,341.52856,249.66422,156.71396,153.23763,12.526916,1091.6147,848.06116,72.39972
111.0961,473.12366,255.88254,189.6411,218.1276,4.6665497,1107.4392,805.3247,212.72493
111.20371,443.5537,257.87177,198.59601,178.28833,19.80813,1099.1805,723.26556,249.26057
111.26213,422.60455,291.55826,151.99615,156.47867,6.2427487,832.0864,697.02576,137.19058
111.312485,468.893,254.81381,191.2549,173.99602,11.207616,1103.6802,941.9649,92.17718
111.31287,461.47617,242.76085,116.28385,123.69292,25.082094,1126.3663,740.5417,69.63401
111.386375,399.50085,274.30655,172.28989,134.68817,27.95151,968.0455,831.359,241.97493
111.44818,487.4124,135.47432,187.53755,128.83838,25.086874,1115.7861,747.9498,259.5071
111.61079,535.5708,354.2305,169.90259,180.87099,23.091629,875.70166,770.52356,27.983421
111.65859,307.9355,346.43292,181.84438,127.417755,31.366945,861.1323,790.4745,261.53012
111.67812,517.8222,321.90768,38.49303,151.32117,15.1230135,930.36475,701.40625,73.74549
111.70285,386.75162,298.10886,123.7273,142.97833,16.443691,911.9215,842.2012,136.11787
111.708374,440.06897,241.48038,14.003015,152.29198,31.242123,1143.5208,801.3094,165.93825
111.71896,413.19687,321.58395,194.89874,155.8363,14.626519,1122.704,642.63446,302.24777
111.71966,519.43066,294.97647,105.379486,152.04903,14.68219,1100.0077,974.1716,204.0728
111.73095,527.82526,179.00728,40.57444,136.50056,17.278385,1054.3716,739.4658,81.04065
111.77732,522.4645,189.03719,154.52979,127.063126,28.410856,994.05023,840.175,135.75565
111.83244,538.38196,90.101494,148.45451,162.00479,20.354412,1139.9086,800.5123,82.34929
111.8813,260.66962,319.9985,129.55428,148.0285,21.58481,1122.7567,789.9873,46.913055
111.88435,507.99384,205.3221,129.96971,154.3652,2.7643268,1125.4521,731.53894,87.63351
111.921875,524.2179,149.71857,178.87543,171.74768,20.16648,1131.7867,770.1636,185.86752
111.92852,487.48065,319.61398,197.62384,169.70438,0.2814559,992.6559,873.78723,314.81857
111.93814,376.5141,313.0517,157.50774,126.51167,26.966627,979.5972,893.87585,115.92026
111.94739,291.28033,346.84613,156.49826,177.82541,25.150766,1038.9359,784.8006,117.25582
111.96147,265.44614,269.78113,174.43372,148.61922,16.447248,1083.3678,827.8622,123.72733
112.01863,523.4693,224.62737,165.422,165.90907,17.199003,813.5195,913.07117,91.3711
112.04707,493.34195,300.27145,90.33929,136.6349,6.8653374,1045.6924,874.8688,241.92163
112.051,312.85184,345.6474,128.44229,164.50945,14.41226,1036.5549,848.98236,169.87042
112.06991,428.59824,266.4414,167.32008,179.47786,18.763046,1134.2393,859.68866,109.46067
112.08122,467.2836,349.90475,58.899593,140.19518,27.819437,811.98737,859.8134,204.61174
112.08479,328.81946,278.50104,58.812843,139.76506,4.728842,1130.2361,759.7068,250.6736
112.09137,452.89505,329.8377,139.775,187.68704,11.7048645,1022.26196,872.69824,190.97505
112.10209,507.30823,183.61595,196.12578,157.26593,2.2903516,1093.3821,720.39746,105.4788
112.108,326.94678,357.71912,172.85364,160.09756,17.445103,1114.828,959.5397,130.59973
112.125824,363.90402,352.39282,177.82254,148.27956,12.040065,980.5943,944.54,189.03792
112.17073,404.6903,302.34875,188.1301,167.62718,1.9967023,813.6055,742.22784,189.53477
112.17512,501.50482,260.4275,197.37776,134.95534,2.6622214,855.358,690.80566,194.1365
112.1816,505.39542,274.66708,138.12242,173.84184,0.6054348,1098.4396,792.26355,207.39244
112.21979,435.5492,335.3353,62.716045,135.8594,30.679842,1020.5718,816.963,248.09264
112.23737,477.23016,292.22995,18.963001,139.36205,10.1128,837.179,788.8684,216.59453
112.24355,432.51343,333.08185,14.944973,157.19797,8.658918,1051.5073,714.11475,136.6093
112.24618,428.45648,280.26178,183.39822,207.83803,7.882289,1034.6423,775.40125,113.29661
112.35656,519.276,333.87546,126.11559,160.73666,28.431095,987.2454,911.836,89.99293
112.37847,439.83682,304.24152,125.97342,176.50183,7.4791965,826.8695,843.24475,77.22803
112.38468,316.45312,316.00446,197.06786,152.87668,13.051073,1090.288,768.48676,27.031792
112.482185,478.07578,308.7632,131.10602,184.91388,21.298628,1124.0435,836.20306,311.79056
112.503235,395.08398,343.08066,47.111984,137.99983,20.36308,846.3981,801.83185,100.28684
112.51996,458.30072,231.77003,71.7831,125.84835,22.169636,825.0829,783.7707,130.56956
112.52219,415.78177,335.66827,14.883005,128.5015,20.33958,1096.0924,857.9046,259.862
112.53416,291.40768,349.1314,135.9853,146.55563,30.61386,1021.9498,767.48315,246.85416
112.62649,530.74506,249.54323,184.75081,175.82823,6.8792477,850.8432,983.1565,218.24715
112.64635,519.40106,212.575,160.51001,189.97018,11.68004,1143.7393,713.9178,93.64975
112.66736,393.85104,327.54276,183.74684,146.53128,4.73963,1000.8406,929.144,128.69672
112.67755,490.16516,285.51843,32.52489,128.07214,29.801775,1116.8746,752.7267,351.21915
112.70676,486.67313,119.17854,5.7987776,130.02869,10.572527,1116.6102,789.7944,109.13802
112.707985,259.06787,300.7747,107.59721,138.49664,24.5282,1138.657,786.91724,90.59704
112.714806,485.76794,229.8789,124.16908,144.6064,4.4753904,1001.2667,875.19403,117.091064
112.75815,423.80145,222.64977,147.76834,136.03539,19.180836,1122.9717,760.679,310.31985
112.7638,483.3741,264.3265,94.28888,153.0811,25.272612,1106.3057,824.78326,145.82857
112.78257,532.9572,207.73892,173.46062,122.47755,12.823646,1099.9056,669.26013,208.49629
112.79742,263.69333,302.62433,174.17747,164.95757,11.832693,968.9525,790.2858,112.16146
112.81966,323.2937,335.73532,196.94821,147.18634,24.56384,959.6146,702.3046,148.60971
112.82394,503.62833,336.05536,64.47267,127.16792,3.6730945,913.03754,730.4092,115.9539
112.85321,314.5086,325.04675,129.97609,131.78851,3.0179093,1137.8512,741.65326,177.99467
112.902,463.50293,322.81073,95.834114,147.4866,22.114193,937.9985,704.8004,108.32762
112.95216,460.56964,288.8698,184.44565,136.15237,4.73599,903.41266,976.0349,142.00107
112.99539,283.0958,296.5504,174.44073,151.2798,25.560701,978.49695,778.43274,122.71314
113.01695,431.89807,346.73502,43.87677,146.55182,13.0476,1038.299,880.9875,156.76384
113.05093,340.8494,326.2321,192.0265,151.79074,5.531103,1124.9421,887.29913,329.6292
113.07552,458.74106,156.12209,189.1369,168.03957,8.408586,1114.3967,795.0228,192.84808
113.091354,333.5404,343.16592,101.63628,122.36974,5.6825037,810.79266,750.7939,101.70146
113.111626,489.31573,220.30342,81.69541,136.05319,14.968551,818.1322,812.99316,160.6234
113.18481,496.68716,188.89519,162.97252,170.49916,16.770313,1088.806,815.8961,106.513824
113.18813,538.82355,251.22371,17.319784,130.10475,11.186376,834.8802,891.104,136.2285
113.20709,529.4459,207.72688,163.88354,154.49466,20.078901,902.3428,760.3106,43.797695
113.248,481.99872,346.59866,118.93636,209.20674,15.124637,1137.4248,761.1121,285.2078
113.25064,286.93832,350.68936,150.72078,129.97006,18.850756,982.37354,829.852,154.27101
113.29923,503.13568,217.40549,198.047,164.27998,15.362423,959.9846,783.82605,315.76016
113.310265,422.6101,207.77881,189.63228,163.03355,9.358272,1010.48175,761.0446,78.488945
113.38671,426.27536,325.28302,147.72243,167.21283,10.05609,889.59045,762.098,279.54022
113.412506,538.0676,319.29498,128.15897,204.16298,8.719883,847.9119,762.93414,162.7721
113.43841,422.75116,262.66382,191.5895,176.46547,8.781172,1110.4213,720.912,265.74515
113.445465,370.87863,304.18488,188.08575,123.427475,14.103398,972.6692,739.20667,198.35378
113.45933,366.50305,234.69534,80.845024,124.79992,12.824231,1140.1505,775.8124,109.16934
113.47426,377.83197,349.94022,165.28746,194.7133,16.471453,1073.552,848.1509,158.22096
113.49768,497.31714,340.19626,31.439997,149.68228,31.017006,830.6946,830.46515,109.861786
113.50327,494.8937,276.8713,150.50424,194.09247,5.002772,1061.4862,794.05865,143.49059
113.50701,462.7533,261.01523,194.77077,149.52562,19.499395,854.9944,900.297,208.68915
113.51126,520.5792,356.9596,44.208393,138.95021,13.739674,1021.3782,972.3772,126.09791
113.5154,505.25372,264.82587,19.041594,136.42157,20.681557,1123.296,895.10223,113.23756
113.54174,338.4032,318.2167,158.98665,165.64917,22.634108,1006.5224,821.738,106.27061
113.642525,515.7897,323.14944,196.09422,171.35744,24.864586,918.80023,671.79694,59.82414
113.65531,318.8633,313.50073,121.96062,139.05464,25.485708,1107.531,813.4473,267.04965
113.67037,399.74988,290.85306,186.85129,154.85352,25.359438,980.57355,909.5903,113.92346
113.75963,442.0985,328.16367,33.02341,157.74156,12.399867,1038.1732,838.4085,155.9058
113.817245,513.1383,264.2719,153.0373,142.97604,13.461893,884.9843,984.5826,161.22188
113.84265,504.29825,340.15176,109.041374,137.34146,11.048086,1069.6979,634.2507,176.61163
113.86783,467.96072,345.26288,132.02904,178.3749,11.420929,923.3153,904.63165,126.07051
113.86829,473.59497,346.19577,93.09739,124.64196,31.333681,1013.9693,856.61707,284.49463
113.897865,407.41815,344.84985,162.6028,127.77234,22.88818,934.28046,930.76294,218.92804
113.89953,461.68756,326.00223,10.78883,151.145,14.159012,1079.1565,696.22406,213.67361
113.9773,507.50848,337.7885,125.319786,182.80112,10.578878,1110.2018,625.21344,136.39246
114.00505,427.58435,314.9441,169.3616,203.56308,10.9266,1119.896,857.7597,240.62114
114.030525,273.09204,355.00006,145.87245,154.0713,8.663018,946.8384,764.6577,140.90707
114.072,483.74893,180.67848,143.94518,168.30861,5.298864,1029.6273,798.3228,138.08856
114.10098,497.601,164.7675,199.98662,169.11137,12.046692,977.0875,800.8881,101.731445
114.11508,398.5615,326.9035,199.2975,144.09041,13.905308,915.1869,897.6901,291.58398
114.1297,507.16568,327.82224,123.54212,157.56644,16.057755,811.013,988.28406,42.42398
114.1581,483.90405,333.65268,11.933749,174.35191,29.846912,1075.4224,787.69305,174.9686
114.17756,434.02167,308.7697,80.13457,148.53688,16.42022,891.01215,798.18085,107.60156
114.18208,538.065,162.10324,181.14746,164.00377,25.677061,1022.6153,746.5799,123.11878
114.20419,527.8197,319.48386,135.0862,160.6879,16.47335,922.5389,689.62476,214.79465
114.23944,479.38715,349.5375,106.57686,162.98045,30.515099,804.85205,924.81586,154.31754
114.27937,478.5617,227.87349,168.96834,137.7083,11.785956,1030.7108,944.0355,131.34377
114.30725,527.89545,333.42166,78.21344,149.18341,5.4188986,1005.4049,626.5994,148.76788
114.37445,517.3791,199.89876,179.89583,123.26326,0.09756991,890.4097,794.90485,265.96832
114.4125,512.8271,294.69348,119.50392,179.6939,18.084934,1064.736,800.93414,78.69491
114.4137,470.5957,353.622,70.543,151.66206,6.28185,1022.2582,748.7058,353.30374
114.41472,394.11984,302.25842,139.12328,127.668625,14.918702,1000.5788,795.3066,305.53006
114.438286,273.82205,243.85085,146.23712,148.19987,18.68652,1140.6692,788.15393,48.7785
114.475975,497.50354,345.9608,99.008484,159.53386,6.5263047,946.7877,703.80176,191.21419
114.49355,479.82068,319.55753,67.90061,134.99338,7.6009536,992.26917,780.357,339.9944
114.54556,532.71564,281.53476,176.99467,183.23035,18.928427,950.06067,796.4178,63.769947
114.54766,378.8518,316.6677,156.11081,142.58302,11.594916,1074.8085,895.37396,121.06811
114.58078,524.10864,258.61777,134.63412,160.76512,12.41856,810.65344,897.89105,250.40585
114.59465,484.68073,320.09412,164.72127,177.87204,23.745707,817.7558,664.16095,213.22661
114.60093,535.73517,266.39615,150.93529,182.54814,19.650291,1017.8961,694.607,112.59522
114.62973,293.1745,266.75705,108.99975,147.73552,14.095428,1120.5348,773.99396,170.24893
114.67323,538.76215,272.26245,96.65469,158.90846,12.920355,931.91345,756.1547,147.0168
114.70397,450.2484,340.11386,62.076492,181.62003,18.36129,1081.5325,785.19434,130.62059
114.73035,538.7869,90.409515,160.46487,146.61343,19.573097,817.40985,768.5518,194.8465
114.87896,468.56555,122.81195,151.8701,122.94954,10.787954,1110.9358,791.0042,146.15587
114.903694,430.03836,338.8628,121.07973,140.24673,2.4553423,967.79675,793.33264,187.88231
114.91379,341.40665,341.7904,163.07147,156.50638,12.233259,1112.5848,902.9465,222.39955
114.94078,319.29504,317.09583,190.26534,131.31805,16.341461,891.8014,772.3681,48.85152
115.01495,496.2837,136.73843,198.2837,173.51807,16.63565,1141.1478,780.3737,203.61826
115.02012,519.84503,304.67392,41.04971,159.67763,28.95694,1107.9004,806.9271,165.21704
115.02306,501.20535,278.85327,193.07524,202.18835,9.583486,803.62317,804.0117,300.12137
115.04035,485.80646,348.7777,156.76942,194.1896,9.476149,1024.0212,695.17535,238.94872
115.06531,496.09143,221.37944,166.87544,144.45964,1.6041646,952.9369,845.5732,191.57907
115.1497,490.8406,304.29105,194.01595,154.50854,12.91915,906.6546,679.17316,44.97856
115.17464,467.01984,332.41656,51.174862,141.43137,1.9588982,829.7076,797.00354,92.92857
115.20026,503.72702,336.26154,164.16437,157.01704,27.931591,983.16064,698.94147,337.2661
115.23244,517.3334,310.8867,55.242348,173.77173,12.116124,1039.6918,773.8509,274.97366
115.253456,498.60657,345.97095,114.738525,162.66704,27.174458,1034.5582,925.7583,208.21135
115.27237,415.4211,281.903,193.7952,202.70276,11.905733,1033.7053,779.2426,157.74414
115.28745,531.8322,271.21738,75.43857,130.63509,10.43958,837.4083,875.29736,164.45343
115.297264,415.48123,350.34946,132.44588,131.65936,26.201267,1094.8654,672.2142,206.44128
115.328316,316.49203,330.7598,195.04411,138.74919,9.8015375,808.8506,870.15,227.31633
115.330444,297.52686,357.93628,13.211732,140.0126,22.912514,1107.7802,749.6457,139.03874
115.356926,432.53665,157.00546,199.78154,123.226,9.535329,871.21246,787.93353,89.206924
115.361084,415.8712,242.26321,116.55797,148.39323,27.444479,1143.4421,810.5927,155.66957
115.36297,498.69412,279.30017,195.32448,163.50885,23.529808,979.3092,971.6149,148.07378
115.37637,365.9126,301.72034,115.72222,139.96823,7.1454287,1092.539,752.7468,192.01086
115.42445,517.65356,297.90714,19.470705,122.7576,29.48181,1081.8787,812.3314,272.3108
115.49816,525.52496,276.10486,137.9966,136.2619,29.94121,874.911,827.62805,180.752
115.50811,471.8961,310.81558,51.334167,135.07225,23.40525,1005.06055,743.77844,73.09683
115.54411,521.0874,223.53703,166.25163,123.80904,8.005412,1138.5901,920.46985,106.36145
115.56191,521.44635,217.05688,8.848522,133.9898,7.5087943,1088.2931,791.2191,266.12125
115.64776,360.94305,320.61615,187.1635,140.19907,14.499278,884.5137,786.5185,359.14606
115.6702,510.87207,198.34056,18.734093,138.24701,8.785094,1131.2823,843.1937,285.3704
115.69896,518.18036,258.8276,173.58879,130.32018,24.095697,1125.8097,683.4276,69.64617
115.71567,470.13486,180.54904,165.69177,123.14511,9.533389,985.07446,751.9267,134.75195
115.739975,530.46,274.7191,102.53984,162.30319,30.399145,1100.5613,780.5976,132.54259
115.827614,354.30322,286.58652,24.740791,140.64317,6.056407,1128.6484,767.6106,65.83425
115.82781,433.66068,160.83084,158.60149,127.80389,20.418413,811.0654,832.02673,121.98157
115.8477,535.6357,288.18814,74.137474,141.91422,9.6993685,893.44244,772.90247,272.5254
115.85294,497.79242,299.72803,97.75755,159.72546,26.536095,804.1391,841.60443,135.6134
115.875084,370.08084,352.38156,177.16977,168.43704,32.041527,817.5738,792.3759,309.1519
115.901695,494.5944,329.53873,189.06584,188.50064,6.879833,1048.3914,889.94965,286.3671
115.90663,420.51218,336.7885,181.76016,160.48738,2.277332,939.4938,826.9439,118.83957
115.95652,446.38675,250.36726,183.7096,170.15056,11.446166,1143.7931,917.95276,267.93143
115.97257,424.56592,319.79892,130.10446,127.76982,3.9443772,845.8662,797.35114,351.07065
115.99778,333.07492,308.1836,150.93086,135.656,28.318945,1043.3712,762.34357,195.4409
116.021996,438.66034,351.749,127.36937,159.8984,11.884934,1114.8936,970.0656,166.90718
116.10608,483.76517,202.34271,177.42293,161.44861,6.6327286,1022.44055,733.2247,180.87062
116.11569,373.58676,338.62662,11.538326,151.14775,19.568365,1035.3876,782.35504,166.61292
116.167786,466.75793,226.1829,6.6433096,137.74408,4.1891246,1130.772,749.4393,132.30339
116.19888,502.1872,110.00896,173.61717,144.60458,19.299543,1059.5571,808.9139,151.4072
116.20164,400.49704,358.10373,112.298225,128.38144,28.917631,932.5266,769.6947,102.00253
116.22481,423.58182,317.1913,184.27037,172.91765,18.134066,812.52686,982.6055,157.73474
116.24054,508.05933,219.4595,177.4971,180.87627,14.571926,1144.2134,828.33435,273.87082
116.256966,430.47064,294.27588,116.577576,122.54387,22.761139,1098.3649,844.3381,130.85165
116.25984,434.47388,297.1276,13.951374,141.13199,11.364249,1128.8325,885.4974,243.69109
116.266106,425.01837,338.93808,152.06195,142.84477,0.7968361,852.6163,864.5462,93.13905
116.32546,442.37894,346.73343,108.313736,139.04605,6.9499598,845.91565,714.05133,94.616066
116.34009,505.4483,331.50177,157.80725,129.95969,11.657161,1123.5983,620.53186,117.24825
116.35483,519.25385,340.66278,87.67683,150.33386,9.372706,1135.9683,897.9133,62.501335
116.40246,410.666,293.46002,145.28914,125.54028,12.357098,838.5316,885.5959,50.378735
116.41551,507.65445,299.3798,14.700613,139.08952,15.541445,960.51044,865.30695,95.91327
116.53647,480.99426,347.1202,121.96675,127.85047,14.952162,928.3696,976.1266,136.68034
116.5543,535.7535,172.08112,24.598284,152.46213,11.918237,1129.7704,823.5177,353.4269
116.55638,340.99155,357.26324,141.67792,147.71806,9.599287,1094.0948,888.7537,189.44658
116.5655,398.0247,318.08456,165.30472,140.95473,20.508213,945.04474,876.3548,237.95247
116.62617,348.24094,328.69827,105.5652,159.68436,14.349689,1142.1233,775.0559,43.286144
116.65588,373.81613,328.20605,18.730602,126.751495,14.875625,1084.23,788.842,179.09131
116.67247,379.67685,354.10266,198.30647,159.18404,19.20586,954.7484,688.2685,147.20636
116.72265,455.72568,294.04294,152.68079,173.15056,28.394424,1029.7827,798.1831,147.68068
116.75644,441.4772,345.1283,153.64374,147.88432,26.13161,933.16516,925.4812,167.74852
116.78237,497.09616,342.34256,167.66153,185.84909,23.79006,993.6717,836.2875,137.79794
116.78758,523.84125,325.0624,150.85364,191.16733,8.752547,1056.1398,802.32574,325.77927
116.80307,532.1782,297.70276,56.03807,156.14772,27.495073,1066.6936,810.79346,180.11618
116.83276,428.77997,325.60602,4.185106,145.66545,19.155313,1062.3535,832.3758,114.2575
116.85831,532.4276,313.04068,72.06239,152.17203,2.056647,1018.81573,709.127,120.000336
116.870224,424.46008,331.7822,120.55426,126.56476,26.222557,1041.0134,849.58234,194.65382
116.88245,487.40466,337.71103,172.89679,168.93025,2.0262437,1038.7844,692.5563,291.79404
116.9002,378.98416,286.798,171.53937,128.78958,25.670727,841.7921,776.12134,243.05368
116.92934,436.94293,256.76544,133.64282,152.23466,20.152987,1089.5657,762.9307,60.28848
116.95468,536.47626,303.93546,134.93884,136.26642,28.045195,887.99695,963.0161,232.52673
116.96414,497.67963,277.7394,97.57202,132.52602,18.734678,851.97284,738.7412,149.71094
117.04947,440.4763,260.5238,173.57445,170.60492,28.909212,1139.4608,787.2387,265.67645
117.100624,508.08978,254.16548,43.146683,170.46765,9.742326,1142.5729,799.0468,163.05124
117.207466,453.37286,288.1909,165.51744,128.08917,3.7804725,1002.57404,814.1356,248.44513
117.20863,447.2856,261.28387,163.21545,137.68156,19.344353,1029.3768,749.001,313.57874
117.21862,496.40253,274.80347,146.71516,165.16876,13.801177,1118.1375,951.84357,176.60986
117.222565,497.8886,332.75885,49.705875,150.10458,16.168629,802.77295,911.2372,95.01523
117.23821,470.36996,333.55753,109.88538,157.89995,20.162037,1032.5026,850.2575,72.43293
117.31473,491.56226,307.57727,177.87886,189.49911,20.722784,1132.6665,673.382,102.97691
117.33094,532.619,344.76846,160.26752,204.42099,12.771887,1025.9609,670.55945,219.59387
117.35349,450.57166,253.8752,186.11784,141.58864,28.686266,1062.7408,764.3675,37.92659
117.383736,428.18744,311.30713,167.58658,129.37518,32.060234,1025.4714,707.72894,80.499405
117.397835,523.9921,288.28207,167.89886,172.75644,22.60837,1098.4805,677.5013,115.23447
117.44011,346.90594,352.46008,139.7126,188.01433,10.091391,803.8761,777.7202,161.37044
117.52399,288.2336,301.5005,177.76422,153.07132,13.950995,1079.9595,803.70294,273.3709
117.54699,514.5523,314.8674,54.240833,156.71191,27.300657,1090.9718,780.38947,235.68639
117.56994,536.88,347.5711,173.77798,187.47748,3.2906127,941.8984,755.6522,237.4016
117.571434,370.7036,313.7759,154.80995,150.84593,20.749596,808.126,747.95715,299.4136
117.59089,456.57144,337.52505,150.57553,145.82455,26.167984,850.5992,971.9786,107.22995
117.597916,440.69046,257.95984,162.123,143.13794,2.2094238,821.6866,828.4713,283.83502
117.663475,503.31604,231.04552,160.05093,148.42148,6.2911396,1099.1526,885.51044,333.058
117.68448,417.01498,346.36014,91.748184,146.46376,7.241858,965.4005,781.5776,61.16534
117.69791,427.7296,308.20486,140.11414,132.17474,11.022681,870.6315,877.34827,214.3807
117.72899,457.8025,204.61989,155.2307,127.9656,8.254235,1022.8622,775.7164,85.149414
117.743965,525.8667,301.36728,132.79828,151.70872,13.036313,982.7622,670.8959,52.343338
117.75449,536.97314,259.43356,118.554344,145.84442,10.490592,805.72754,688.5165,37.52848
117.75901,483.51352,213.00787,178.98369,125.70241,24.835896,990.76355,843.46716,95.501686
117.78848,513.55597,349.91315,103.992714,157.66013,3.8180854,1125.372,676.78864,177.89102
117.79709,515.1862,293.8996,109.8615,155.51497,19.870165,1086.6774,730.4461,195.87367
117.82117,525.9989,344.60376,59.912224,140.8166,5.5428286,1016.35657,742.77264,48.36497
117.82904,454.72623,351.34137,164.02922,203.71689,13.777911,1103.8671,805.42944,79.31747
117.83351,462.35724,281.1562,199.32013,155.88045,3.4244266,1096.6082,670.91956,262.28757
117.866875,527.8825,263.32855,128.40451,160.69243,12.970281,821.5398,907.60455,66.46726
117.87402,507.26,100.26784,191.15074,147.73518,2.8640618,1138.5854,777.9966,171.99638
117.887215,495.55637,336.08582,163.21414,170.30345,6.85518,990.0393,958.78375,131.303
117.90781,423.35632,354.5889,0.53602797,149.7718,17.24066,1134.9652,862.546,78.95365
117.98047,506.92563,333.80777,148.09282,207.66434,16.224518,1125.2836,757.6997,189.95943
118.007484,481.7528,204.4077,190.17567,156.03992,5.3186183,1075.1542,723.7757,77.95874
118.01269,535.91254,271.77948,179.64359,171.80222,9.85407,854.11804,702.0979,188.73347
118.020134,502.68735,352.41046,23.490171,152.06563,3.9972873,811.9967,738.0282,245.11406
118.02392,534.52295,294.0688,179.82713,163.09889,20.274258,885.7425,835.527,350.98477
118.03456,538.87726,342.7109,60.83451,126.44507,4.9260683,967.04285,790.9805,153.64839
118.0992,522.1437,341.04074,57.00997,145.84685,17.727156,1007.2706,861.5884,228.80028
118.179214,512.49347,349.6764,118.29712,154.40099,5.5833826,863.462,938.64124,184.86513
118.184135,484.0944,336.30133,147.61415,158.9681,25.610573,984.22107,895.2909,265.11395
118.22411,483.97452,320.8841,91.29009,153.94485,25.64879,1088.2603,854.13873,141.0152
118.29509,530.0278,241.82253,138.31186,124.68661,11.34058,851.7132,981.9594,150.55534
118.324036,483.57034,279.37033,31.937078,138.03392,23.60007,827.12286,793.74475,114.59881
118.325775,409.05255,319.50125,1.7020308,159.39767,11.216457,1135.5206,834.47095,307.61407
118.33103,516.7559,327.3066,199.13701,186.68828,4.5597773,808.5997,722.7996,321.7391
118.336876,488.34317,310.5198,101.55035,122.794525,20.49613,1055.0237,716.1865,125.503204
118.38331,388.46463,290.5416,163.40575,147.68147,10.206302,1038.7312,733.90967,260.31635
118.43965,499.7387,338.4584,128.15254,154.39047,25.631088,1036.0049,939.5025,331.61884
118.448555,434.01697,307.7212,104.0673,164.6682,12.812166,1055.4755,818.9613,137.33531
118.46197,493.78592,272.46713,130.28854,133.9887,9.572021,1031.5834,703.08984,172.25487
118.47005,481.95343,354.51733,3.9930604,175.14433,30.434168,1098.7329,786.30493,133.6051
118.50991,323.5898,317.2303,179.29579,143.08665,3.988609,1118.4863,809.9494,321.15912
118.529564,475.74557,318.04202,146.77797,139.82712,8.636201,1083.4042,913.5697,332.11517
118.55914,456.74063,322.99878,183.76503,175.89073,1.145342,1105.87,776.8256,247.63606
118.57364,385.34952,357.56668,178.38725,131.9313,4.336737,904.82294,747.3888,143.28168
118.57921,429.8602,358.2075,153.2566,163.88849,7.6861053,842.8667,857.4935,49.94757
118.59805,464.37265,340.86792,31.410044,132.67361,19.590544,949.4341,746.89685,153.62613
118.62382,533.0216,229.93893,135.6602,129.303,30.1751,1030.3301,737.7034,107.4346
118.663,517.98663,248.1661,110.836296,127.045166,22.50761,1133.3757,851.93976,120.76451
118.66745,453.94025,343.39597,51.27851,188.02441,11.704097,1138.9109,744.05035,168.38199
118.6785,453.16837,317.99902,177.37622,165.84682,4.5535126,912.2502,801.50616,193.37758
118.68111,535.6814,253.8337,92.94351,129.23993,27.07816,1097.1821,774.25824,131.54036
118.699104,498.06003,254.92883,199.44978,152.31297,28.721197,968.51166,843.9328,252.0549
118.705284,506.2068,325.82953,57.14348,136.579,18.91236,978.9361,814.6891,232.6274
118.72142,481.59872,320.41064,121.7904,142.4749,32.18924,1112.8121,660.6471,157.01688
118.73212,463.26883,356.84665,187.42488,161.81116,23.589449,966.846,793.6277,38.3087
118.753654,502.24542,208.3443,194.84204,147.74,15.829209,1053.3794,901.7323,199.53783
118.7675,447.36694,326.1507,188.30905,186.65213,8.150878,973.3458,790.9673,150.24225
118.77001,450.37265,235.31421,162.14214,129.51016,19.483925,1045.5891,836.96,127.50506
118.78329,521.97,346.5533,171.40952,192.335,17.818132,994.7836,766.3238,215.16446
118.80548,516.2714,336.10663,13.925543,122.26413,14.960382,990.1734,856.44476,174.91296
118.96789,526.68506,340.09714,166.32944,165.00974,7.7315645,874.73834,693.0179,32.96437
118.99145,499.2135,343.07236,109.35089,156.72182,0.38651064,1136.3209,822.155,143.35043
119.03196,493.6967,223.59557,198.47748,166.67618,11.962407,952.0743,765.1676,179.85727
119.07503,493.09314,312.03,45.972084,151.00565,14.960555,1036.1985,675.2964,92.04278
119.07545,519.02405,341.68988,96.86683,139.9812,25.219688,953.36346,883.75507,93.61219
119.13211,460.41818,280.01672,182.77661,152.78581,27.915651,828.0484,875.51965,204.76735
119.13992,432.53976,332.28455,43.871292,129.45325,21.192152,998.8603,787.4214,142.7558
119.17092,447.39316,335.28555,140.59138,151.66933,31.60258,1058.1934,745.02496,330.45068
119.2129,488.44818,346.35873,160.5437,179.60129,14.759985,867.44586,812.5851,278.79514
119.21834,529.37665,350.99173,188.68578,186.12396,10.298217,956.96277,713.9087,55.57541
119.21914,387.27808,338.7379,159.71762,174.47078,21.43351,1130.6476,879.91254,186.25285
119.235596,449.51492,301.1927,133.48015,122.96275,30.64153,1031.36,725.9177,129.03345
119.26973,539.58344,345.41638,116.726654,156.46613,30.842718,933.0102,842.2547,187.00177
119.273964,503.78793,229.50247,51.54726,137.33371,14.98402,1129.2109,727.47064,112.52705
119.276825,520.8555,248.70064,193.29195,158.50525,16.50935,992.12915,916.0283,111.08695
119.28427,536.6165,171.56677,163.60947,144.4801,26.205542,1018.9874,809.5529,75.70501
119.28859,491.0256,343.15146,152.51192,124.25598,30.181864,939.7841,951.0225,250.68785
119.299675,413.46948,321.39285,137.4325,156.90057,21.442398,816.8505,849.4217,149.4023
119.31114,421.168,275.48645,170.01003,149.06638,11.905453,1040.2465,844.91705,361.59192
119.33911,297.0928,346.78738,177.24333,124.35591,19.936962,804.77594,948.30237,128.10817
119.401375,538.9804,332.60663,109.474266,143.28128,5.1368017,1132.74,904.53033,61.17639
119.43071,415.9904,345.0008,182.16862,122.77994,17.132654,1045.9534,721.0929,309.884
119.43109,472.95038,283.932,147.44258,133.38313,14.062693,953.1053,908.9679,128.18001
119.4382,526.46326,275.20447,170.10168,133.45189,8.91751,902.1597,709.4709,176.35156
119.49506,516.74426,243.45206,192.51624,131.79355,17.706762,1043.9497,859.78656,36.076035
119.49801,328.45636,307.96808,119.82689,137.61539,12.738374,1096.949,754.1198,152.85878
119.532936,508.60538,198.61926,40.713867,127.05391,17.132942,1134.4929,784.7425,95.58923
119.58096,464.69293,280.42218,190.94826,132.8226,18.569262,854.54456,959.44336,92.937004
119.6709,533.07,106.956726,179.70999,137.05829,22.551743,1125.3304,792.7543,228.2842
119.675766,447.04254,252.49252,109.06718,141.95915,20.075872,1118.023,773.2146,149.5549
119.701706,509.81882,286.30185,185.71202,182.26813,5.932817,1028.4438,796.74524,290.8261
119.75746,487.04825,294.04575,124.83863,151.47849,29.728306,1137.8534,725.14685,91.288506
119.77962,459.00485,292.04697,142.72253,174.93277,13.774372,1108.7943,825.0596,267.1155
119.78082,289.20117,343.42822,170.92789,131.59467,10.376264,887.7201,795.1155,98.62746
119.7826,467.44,344.16785,194.07356,161.4067,30.939926,868.5008,762.90106,319.81818
119.78294,523.801,229.27014,169.03032,131.22179,4.983555,989.62244,850.979,142.94939
119.78351,258.40808,355.98853,154.27899,159.59654,20.54845,1055.8356,789.35754,148.1203
119.790924,438.96628,278.73718,133.1492,157.69496,23.603453,1127.7003,753.4088,285.75067
119.86281,534.6386,331.7551,42.774864,144.58138,17.577194,1140.7845,653.4674,204.32385
119.88837,342.21872,330.1389,177.59105,131.07658,24.457289,1079.1311,877.0844,121.21757
119.920616,336.05206,349.90955,148.33794,167.46446,14.829488,842.5087,787.4966,165.77916
119.92468,426.3126,310.86584,190.92123,154.73323,30.69315,915.2057,758.7496,186.95436
119.933014,519.07965,267.13016,114.390976,143.6813,3.0996232,1082.7084,746.498,334.00732
119.93591,481.08643,283.27457,155.32132,132.95,0.69043064,1108.8694,863.8128,272.5907
119.96296,476.30658,287.68555,106.97867,163.57208,4.838474,1117.905,779.8197,169.65512
120.00133,423.07367,281.35013,146.02815,126.15332,14.068549,906.1771,822.5204,70.498924
120.060715,440.9665,351.40204,120.76648,162.42372,9.265079,972.3359,775.92786,207.46077
120.117775,516.55707,323.71545,182.24507,166.24596,26.57388,1030.3066,865.76666,316.48273
120.16954,535.40283,329.90918,101.69611,134.25333,0.00040025768,833.6541,750.9788,333.54456
120.17844,458.3893,358.82748,117.064255,134.80081,13.966552,1029.664,697.19495,73.15978
120.21216,458.03818,311.7005,192.77898,125.85069,25.902401,887.70294,928.97003,84.75641
120.24186,314.19275,302.1642,44.91202,130.40631,18.718718,1142.8629,760.80383,168.451
120.28878,427.1617,336.17044,172.77745,169.13745,14.153564,1132.4329,951.4578,230.00606
120.31751,453.62173,306.75858,145.15292,152.30347,11.865431,997.1536,866.1434,53.447815
120.32521,272.9123,320.3599,177.2718,134.7671,13.935182,1030.4231,798.0331,52.35646
120.33918,532.853,297.74957,175.1736,169.10934,23.082407,1021.5567,965.48285,141.74564
120.35268,431.63467,353.91962,109.92451,147.67162,10.655393,894.945,784.5037,258.42465
120.39105,238.17685,344.24347,164.82483,162.97067,19.585453,1140.9753,750.7189,121.84044
120.44428,509.38065,343.95163,178.39702,187.69943,6.7730412,1120.8496,638.1708,146.73515
120.49843,471.42224,291.24554,198.06616,177.375,26.761463,1134.3533,719.4049,111.80886
120.50503,373.34897,323.7778,190.6836,174.37543,11.604143,837.65295,797.7658,216.01926
120.513084,357.67828,280.90387,198.01138,169.49059,8.019062,1125.2227,823.94977,272.4922
120.52116,470.66586,232.77216,162.73659,140.54605,9.895562,987.80615,859.3548,94.40431
120.53229,324.30887,357.21994,176.64116,174.93033,14.218405,803.1061,759.1122,308.46948
120.53544,512.95306,154.39311,187.41179,129.55836,7.796605,1060.9033,779.8097,333.94614
120.53641,403.59332,281.05582,188.2672,143.61864,3.49538,1127.8267,869.0453,183.47003
120.55861,455.2673,326.5851,172.84915,151.79521,11.990686,930.3757,949.16797,165.54234
120.56055,535.5593,210.92479,166.78943,149.22539,29.569551,1053.3201,806.8801,238.49242
120.657906,442.85568,323.45322,180.19069,173.60603,16.874422,1092.1687,703.6116,105.4904
120.65796,392.76086,298.963,157.54236,145.47949,31.673653,1077.8344,775.53687,56.516636
120.73922,386.56204,307.11298,172.3196,168.57523,6.7673874,1127.5135,877.08154,85.62708
120.76562,455.57693,327.9786,147.1997,127.75888,31.62908,1045.5161,871.01324,279.8303
120.80582,441.04834,318.41797,124.81275,127.464035,9.595111,982.0998,779.3437,245.22383
120.81576,434.78433,358.95764,193.53912,172.3302,11.738643,888.9784,863.9325,77.939156
120.88238,382.3151,253.67612,130.99242,136.46283,23.96642,1130.7974,768.82446,89.1151
120.88456,519.01624,258.4153,94.545265,147.9367,7.2999496,999.70264,770.3111,100.46463
120.91945,497.03683,225.9143,180.41159,124.69308,29.138834,1048.8167,770.9676,231.01186
120.98801,343.82465,345.0236,136.9508,143.45012,12.031897,826.339,868.5449,63.30346
120.99228,454.54776,196.82602,166.95148,129.30673,11.528253,1123.2826,847.8792,166.75111
121.006966,420.43976,357.7304,163.88042,152.0287,31.607307,806.4307,898.919,87.93758
121.0187,518.2787,250.2192,138.90369,159.90228,6.3683515,1043.4738,767.1089,305.13858
121.0998,432.93372,326.51236,168.68147,161.97185,2.1625032,820.62714,828.54663,174.5508
121.15914,536.3311,312.40442,73.26303,144.15425,15.616565,843.5818,782.9839,308.94
121.16902,534.4508,324.71597,111.505226,129.1126,20.989298,963.42194,897.8835,68.8787
121.183044,510.68915,311.72488,27.077122,132.03267,21.31787,1033.817,740.1903,222.28401
121.19759,521.2588,261.63007,175.31837,123.06006,25.15874,1042.1566,881.98474,276.8237
121.20795,498.42474,265.64993,185.492,143.20226,31.941849,1026.5942,727.33325,265.3383
121.26082,510.76724,354.96484,164.39224,176.23956,7.0201635,918.8902,808.5566,242.97615
121.33876,528.3794,242.23752,197.20123,147.42393,8.064491,952.3779,879.09186,320.4117
121.35037,349.18094,339.4601,189.5886,185.14488,8.171596,1131.9469,866.61914,125.49621
121.375404,509.39072,205.54704,95.942924,138.12872,6.9741793,825.1117,791.4825,134.38684
121.38268,525.2426,352.42957,70.206856,144.06714,32.05656,1038.0298,829.572,283.033
121.40769,520.34155,243.63713,186.11987,158.46872,14.123796,1075.399,891.4611,329.15915
121.43667,489.35947,290.82822,194.32118,162.92926,9.061639,1077.7134,675.685,303.08572
121.45831,537.29803,325.3768,132.78786,164.33559,26.168484,1003.03375,718.3312,153.048
121.48645,399.75922,336.4888,183.20432,147.26222,14.459403,1011.22437,909.3594,159.19907
121.51645,489.92188,295.78735,144.73933,132.53917,3.9303226,937.40735,748.2038,231.3983
121.542656,389.94604,339.51648,193.18399,160.5723,21.648277,969.27716,741.85675,172.22755
121.62102,329.30865,337.0932,167.17108,185.53502,8.930843,1117.9481,796.64655,60.980762
121.63326,417.04907,277.04272,172.11163,143.94568,10.673085,1032.2417,840.2089,234.6582
121.64737,495.22113,298.02814,87.97976,121.85561,29.230349,1128.5042,742.35266,244.24869
121.68045,482.73492,325.58606,164.15309,160.03294,19.398142,997.242,832.5407,341.3548
121.72372,393.54633,354.88837,55.399254,151.30913,15.25731,829.496,798.27234,112.554436
121.76061,460.02695,253.75911,175.29037,140.34206,28.130266,829.8437,747.90985,190.22491
121.77668,496.71347,328.19827,146.08209,143.91605,24.724686,1008.6602,862.3681,40.293102
121.80204,424.74896,330.7051,159.20525,145.79706,10.816348,1041.1849,729.3262,352.99582
121.94813,369.58588,349.7958,191.77399,139.39803,9.795525,1056.6128,699.1361,75.32721
121.95669,378.95645,328.72122,174.68077,128.60474,31.057194,987.76697,775.9037,274.13223
121.97185,464.6327,295.4143,171.2369,141.41043,20.066093,1048.266,946.66907,115.43386
121.97388,455.36118,293.28113,199.00684,156.5796,12.41345,1028.419,954.0011,125.986946
122.07825,532.41364,354.87173,165.49313,167.03293,28.995249,828.91724,654.2934,218.07207
122.09858,394.15137,352.64392,189.61964,122.02949,8.298902,1072.6127,884.4845,96.78478
122.10614,328.62314,337.8674,171.90543,216.4621,7.5117393,1131.8262,788.3875,283.2508
122.152885,501.1401,334.05054,198.52861,173.01091,5.5482407,902.34467,727.7925,225.80164
122.22006,397.51645,290.29962,145.20006,152.31593,23.715603,1064.6255,824.8712,127.07915
122.231384,519.6129,333.10016,67.06748,127.962326,12.575748,811.1851,902.2392,162.94081
122.31536,521.7047,200.3766,193.68187,152.30222,13.50916,869.8582,834.4938,124.81895
122.37804,498.26273,283.15637,116.60731,137.25656,14.021211,1025.2543,720.02856,127.45588
122.37955,470.87735,348.08823,179.20021,142.56445,16.965628,882.0384,943.481,217.4156
122.38829,467.2827,283.59644,103.53948,150.74483,7.3315334,1071.3258,795.3672,187.15149
122.4591,448.87756,261.9299,169.76558,133.19386,15.111403,820.5206,882.22034,226.10794
122.50546,479.16626,334.31326,191.61665,156.21414,3.8093455,1135.6307,652.0611,347.3334
122.54232,462.06134,235.79951,148.73274,139.01167,7.1734133,1080.7695,773.1968,50.915726
122.55035,505.04633,310.72684,189.59633,138.48302,29.950418,1102.1254,672.6819,326.82645
122.581055,502.38806,358.21063,145.61868,129.97404,25.646942,1010.2839,668.63007,247.08792
122.58367,475.46167,323.1992,134.39032,177.90767,18.056023,1091.8419,789.1931,271.64886
122.58736,514.4367,254.3285,130.2654,167.35464,6.045877,809.7805,743.7547,71.08744
122.62296,533.73456,325.81168,3.1023386,155.07103,26.047152,1095.3333,751.7109,77.6302
122.679276,515.45026,314.54996,174.77998,131.1903,25.113167,1094.3333,983.70026,89.63147
122.80395,523.4008,256.40045,167.01701,161.59563,0.9441879,1117.1744,738.51697,154.3719
122.85365,451.86337,289.5887,159.04654,147.76051,19.93482,1036.6906,871.5799,226.68137
122.8564,522.27344,329.03775,181.38083,172.62007,1.0595092,822.0113,719.06494,177.40997
122.92421,510.9879,282.96198,23.91823,127.52594,18.141417,1129.5282,745.39984,321.57605
122.939316,510.56036,287.4611,158.70277,145.57573,27.718544,1142.0156,672.27277,326.25464
122.96701,491.716,262.3154,150.10481,143.77046,10.501845,880.37103,795.95294,31.636728
122.98762,506.98825,339.09216,51.26145,158.52768,13.561367,1096.5526,716.5567,188.58821
123.02318,527.1999,179.1793,121.58245,151.96892,10.853952,1082.9062,767.67615,179.68633
123.02538,465.98923,308.99988,185.15259,136.2857,32.183342,823.7046,741.5002,298.35468
123.048805,538.56647,296.5555,23.114725,147.96878,4.6032715,1115.751,726.3838,322.32065
123.0531,423.01736,247.12465,161.63055,122.896484,3.4214644,809.357,819.2759,143.49536
123.15936,505.64624,317.54968,98.586685,127.11793,12.304351,834.64496,720.41797,177.52739
123.25847,526.85315,288.2902,139.98163,132.95607,32.098526,806.44666,725.97437,183.32635
123.33263,488.2063,335.6059,101.66411,138.94093,8.543156,880.2738,773.67706,275.7855
123.40547,413.39868,293.82913,174.12025,138.24612,23.16098,924.5728,817.8139,147.64769
123.52175,532.83,322.11887,179.28154,179.02959,5.3830066,1144.8267,967.5922,167.59792
123.550415,459.7816,309.12485,189.77841,123.909134,5.31609,1027.3887,839.047,217.0939
123.640625,496.91486,325.2974,157.99115,150.9027,31.260572,969.23315,823.18494,290.35233
123.65377,464.3441,232.03542,126.13244,137.70047,9.848292,1122.4767,756.2864,68.33856
123.69135,445.43134,308.92233,147.24638,154.01775,16.582087,844.4578,851.57404,111.246925
123.765175,534.7226,315.98096,94.91009,142.43823,28.84095,1052.1829,848.8767,150.0908
123.81588,470.3189,335.6177,188.16827,202.09012,19.904783,1096.9358,795.5943,140.05664
123.87383,473.81384,221.49486,141.61542,133.05568,5.5063066,822.63196,739.53046,113.28339
123.88722,511.2701,324.5871,189.76027,151.26218,26.336576,970.2192,665.24194,131.4267
123.910675,532.0661,300.41705,119.05667,149.98932,24.995832,862.19495,736.60187,83.85151
123.91473,395.9384,358.28146,154.05847,151.37733,4.940927,850.2101,794.2604,214.41551
124.02101,430.2746,284.9069,134.24982,142.28087,11.257035,961.3315,831.1681,96.217255
124.02618,429.4797,338.1192,162.724,156.51215,3.710769,937.8365,787.176,101.641045
124.05522,452.61377,284.971,160.08908,145.02403,15.265757,809.6048,873.8454,247.55359
124.08007,490.04837,344.08215,116.58854,161.6201,17.306343,1119.4364,717.8495,227.75455
124.11483,504.17142,299.42056,134.34941,167.12567,12.726188,853.054,724.96216,118.03584
124.1661,537.6838,268.663,176.76367,155.89978,24.8057,809.64667,978.8794,112.179245
124.212105,457.8923,356.3328,106.780075,157.70607,17.516687,1025.818,780.41833,78.70507
124.24533,489.52756,335.71796,110.96579,161.51482,7.6532583,842.9229,741.0237,71.31542
124.25017,452.63547,358.783,123.94755,165.35481,11.89782,1043.6974,806.8654,305.77774
124.304436,482.51074,316.6252,102.67734,146.73358,20.518513,930.6279,784.03625,140.66507
124.3578,509.1576,335.2264,100.80429,124.547905,5.2989426,837.417,743.0342,208.24577
124.4032,487.14087,274.34512,139.17287,123.044975,21.360083,902.2815,764.83905,76.07934
124.429474,476.53064,320.66287,166.94435,126.72552,19.705973,909.87854,923.2018,73.93998
124.464676,537.1312,287.03458,19.578978,143.45795,14.842925,1116.1442,866.91766,251.31381
124.49312,441.24292,318.3381,133.13849,136.03891,16.848555,1094.9575,723.3536,162.84756
124.49755,474.56842,336.19763,178.24542,171.44734,10.762071,958.7723,793.36945,57.48579
124.50813,508.12122,333.90027,103.25728,157.2111,5.8268266,1050.1763,754.305,247.38506
124.55223,538.7821,289.47223,197.76724,181.48567,3.3784513,848.5859,795.64514,248.05219
124.59877,505.68298,239.38309,139.29622,141.93828,6.130738,952.4918,775.27264,194.03003
124.62327,530.1969,358.5553,7.508354,180.22737,14.7246065,1024.1537,796.9903,120.18028
124.75744,513.5191,354.85464,66.74666,136.91814,18.676785,1067.1885,821.1984,292.78333
124.780235,516.3612,314.95508,148.67078,155.61624,7.1288133,947.32825,763.76514,329.35388
124.7937,500.0259,347.15613,107.61013,158.96925,6.199446,835.3368,772.4102,250.44246
124.83348,486.08954,340.46475,103.6143,147.12515,4.2147136,1139.1146,863.57355,128.7222
124.86342,482.01935,348.0134,130.74617,136.42523,27.410563,813.9852,800.5991,32.44458
124.92926,500.707,211.5312,181.27278,140.32436,2.3608162,1020.4556,778.9998,206.94777
124.96899,534.46136,248.28362,130.67026,155.97408,7.9415627,1024.7059,866.7812,85.024536
125.0314,374.30453,298.67136,161.83682,176.94876,10.031525,1139.0417,758.6384,295.11935
125.06517,448.76547,289.10852,162.36699,139.41718,25.304893,1059.1277,863.36615,119.3135
125.08172,510.87363,292.72784,127.81137,133.5331,25.57523,854.9883,812.701,80.48455
125.08821,492.20837,269.62695,193.54794,134.82553,26.873138,820.96204,890.89966,216.50627
125.10408,438.74548,339.00308,174.67738,154.49188,29.157566,968.76666,829.4399,157.30392
125.11908,348.1991,347.60953,180.14505,146.19829,16.71315,1042.0494,827.9589,256.0915
125.127106,537.3656,230.75,140.07486,162.29448,13.835145,1032.6542,783.5707,251.86368
125.145584,533.8499,353.9139,160.28835,150.67097,17.373137,953.26794,674.22064,249.24397
125.22986,477.19162,224.03062,165.67271,137.7148,9.065299,809.1021,845.0533,49.808144
125.24218,466.90906,250.41269,181.94362,144.7244,18.937084,1021.96936,799.4624,334.7356
125.31906,516.7792,322.66104,174.17302,122.892624,25.563202,1024.8849,981.89636,230.55649
125.3651,334.25735,292.9497,157.31706,148.33487,14.722895,1069.0354,811.3125,114.90013
125.37841,539.02844,255.14633,186.61015,143.10686,20.546688,1027.5914,693.8957,243.86601
125.412,357.85648,332.95847,147.90228,140.47118,24.260546,812.5171,757.34534,186.33575
125.53264,457.41742,191.5513,193.74391,127.16718,12.514733,1143.7294,847.5965,167.66855
125.55403,444.55005,352.86356,17.87433,136.78473,11.133319,1068.9095,801.3535,63.206226
125.55646,519.6407,355.45987,120.196976,172.41045,6.7878513,1137.9196,669.78766,96.80135
125.55649,516.5141,213.79465,133.53487,151.76201,3.8193932,1053.9694,751.5283,149.69931
125.57427,522.65826,285.0416,190.48132,125.73878,17.88348,834.28625,933.44464,61.465572
125.57494,482.03998,279.79993,166.04564,154.24518,17.061888,861.22296,781.78766,39.698513
125.6823,475.78418,330.72318,172.58682,132.97424,27.121845,935.1286,863.57184,55.05821
125.697205,408.19852,319.33505,168.52287,144.30098,16.367943,1028.4441,881.02844,96.16552
125.69727,511.08118,358.94992,152.66525,158.82123,23.201443,1116.0588,923.118,86.94921
125.72793,395.7941,262.73367,199.3999,149.336,16.515572,836.861,806.9875,69.594315
125.78759,528.5458,239.66049,154.04185,133.82388,11.379038,937.36224,746.5439,164.2658
125.80222,468.65274,285.67773,168.52979,128.37408,29.119825,997.84894,835.7945,102.45989
125.8052,500.05243,303.57504,147.34183,148.96373,29.318485,1102.9554,701.92957,126.02864
125.82906,533.7287,226.9283,165.26369,131.32874,0.911355,870.1055,828.5843,111.05888
125.83764,416.35077,349.2905,198.24289,187.07335,8.095587,813.2223,784.83093,259.41397
125.840416,537.67944,330.96442,118.547714,155.86617,6.0885286,900.1094,860.7207,161.6738
125.84264,511.7031,285.6034,6.7205353,121.75779,7.271215,1136.6512,751.42816,286.1003
125.905426,472.17648,305.07288,133.40154,167.15445,10.036625,1016.0145,804.37494,130.42961
125.92401,463.59448,318.5056,52.70882,148.9168,9.24674,1122.3928,802.2201,313.0503
125.94017,536.27386,300.1706,150.94308,124.460686,21.36654,1125.0209,965.8169,95.79986
125.95398,482.9164,305.85556,153.18556,128.7901,21.79005,1140.8607,691.50653,276.93732
125.968185,492.92346,320.04492,136.43109,136.82436,28.767159,1070.4875,824.1623,325.9394
125.99545,472.42203,265.21176,180.04967,136.26767,0.6903177,1064.3708,758.1165,180.61694
126.0163,440.96365,355.6855,176.23964,177.27144,15.262418,1064.0863,737.9318,222.67421
126.02942,455.55692,327.85693,89.50018,134.49617,9.397877,1133.574,821.4868,250.27383
126.070595,519.7986,329.05704,57.12513,149.88081,21.833248,1042.9755,775.50824,178.86566
126.11934,457.40182,270.9775,189.88957,140.23137,6.5228863,928.1389,756.6927,141.33342
126.13612,509.2198,212.96048,166.87798,124.12949,12.179395,883.0144,813.8664,149.01913
126.158936,435.68143,349.63672,173.73587,135.01735,12.173556,848.37415,934.97595,121.77326
126.17333,436.94983,352.6001,129.58803,133.22926,28.472086,1007.1453,836.7026,185.57076
126.210594,484.55872,323.09833,146.69908,168.7949,27.325462,1131.0583,805.57056,288.87692
126.33533,481.91214,298.5877,129.2862,141.06409,8.955467,919.82526,809.9204,58.556774
126.3956,447.9989,313.295,173.29033,151.78522,13.354831,1026.9436,889.1524,196.44046
126.40465,513.6201,310.27377,194.82886,144.1892,22.597246,1014.103,950.1269,330.0995
126.43,503.63565,309.34036,183.4479,132.68553,22.278257,873.2049,701.67896,148.83385
126.52738,462.23547,352.67264,160.33994,139.42036,26.08589,908.3621,815.95123,231.28354
126.56819,415.53635,356.35025,12.394955,127.220276,8.673703,1135.3273,791.0365,317.58798
126.613365,524.4353,296.23648,149.85823,135.87764,1.0490152,1044.3064,817.5205,277.9337
126.63763,460.4396,323.06708,178.84483,168.67397,25.708887,1135.8452,730.2038,138.5307
126.651535,399.64078,337.3712,198.55704,163.72859,21.031557,1092.7173,842.8733,70.29046
126.67983,515.5145,313.7088,187.51813,164.85132,8.85329,851.7275,693.1088,214.54758
126.69603,331.93204,321.75168,156.9268,151.0563,6.1856103,1133.3013,767.3086,331.13126
126.781906,427.54626,340.519,150.20564,145.91603,23.113693,1111.7312,876.40546,256.10205
126.809204,528.6688,319.74802,34.200104,152.46132,20.498802,1015.6163,752.18994,148.36096
126.8202,468.18332,336.5728,167.98462,131.61531,22.64672,971.4146,887.0114,218.87102
126.847534,497.0609,241.36499,168.35721,160.90546,30.523481,805.8576,769.6403,103.261955
126.85782,500.82343,243.68776,134.45325,132.25247,10.629902,1022.2884,802.05493,55.898033
126.87266,454.91763,344.3494,171.3114,138.0587,31.089869,1067.7119,899.5617,215.0606
127.03796,483.81735,348.2658,186.35365,157.93289,3.1252375,983.7532,849.3508,97.15359
127.046135,463.37155,265.87848,198.56566,151.115,27.535622,822.5228,814.696,308.6422
127.09989,513.5347,311.45944,124.34551,145.65134,21.389711,1006.07166,868.35016,177.44116
127.11992,401.6585,349.02213,159.42195,170.61812,10.228627,1076.4779,764.8726,254.55943
127.1552,314.63086,326.4059,180.16685,164.16109,10.881531,1082.5073,771.1504,146.7133
127.178604,529.7418,327.9024,175.78027,125.44461,25.211336,1058.2487,666.0595,121.802
127.25505,390.69693,245.66608,199.70729,126.48079,9.565656,1093.7732,776.6103,133.74303
127.32044,488.4968,250.69926,163.69493,138.06992,16.877874,1010.4177,763.8707,217.5606
127.33586,494.96857,359.23367,149.59984,159.44455,18.273855,928.7098,760.9855,246.80667
127.36487,488.05737,212.25876,169.57951,125.572334,11.029998,1057.8628,754.6362,103.18054
127.41935,512.9975,274.4787,138.79332,126.49378,22.75458,1033.052,824.702,82.54495
127.44727,484.75687,333.191,131.98965,139.71436,1.1973311,859.3655,819.9144,99.438866
127.46571,536.03516,355.75308,196.58284,186.26248,8.720226,1073.2788,901.46094,96.059006
127.51803,518.4334,256.10553,155.52104,128.21063,11.62158,1005.53265,829.786,221.60329
127.5286,533.29535,332.20325,159.92812,136.89563,11.380007,960.5607,684.3861,252.0534
127.653435,480.56277,243.634,190.91692,137.02373,26.163708,813.74054,841.50006,133.48047
127.746735,477.40677,199.01805,154.2708,132.73247,9.171186,828.94653,814.9165,145.65219
127.82787,516.17633,320.63016,175.20163,130.16655,25.382822,1075.2339,692.971,205.10228
127.849,535.9141,234.66124,148.20996,141.91313,15.590707,811.75885,874.7875,187.83888
127.903595,526.1899,231.21185,197.07486,148.58363,18.569445,810.7146,716.775,95.18351
127.91137,359.1281,314.7912,137.83864,158.60501,12.415854,1083.7574,792.0783,128.92268
128.01305,539.5371,271.657,158.73785,170.49432,15.346755,1082.4004,805.73706,194.47368
128.04793,478.79166,286.66568,137.29839,144.44669,14.094244,828.81934,769.2712,25.062828
128.15468,527.78796,273.7905,168.7255,157.07732,8.409085,990.632,736.18945,71.8224
128.16565,538.3327,304.91736,155.2059,123.36506,29.997856,914.4141,891.8268,121.084045
128.24632,503.7613,356.3393,181.56697,136.3922,17.174107,977.5727,957.7343,294.72708
128.27217,504.65863,348.11667,192.47269,212.48251,11.571948,1131.2266,732.14325,157.98918
128.36746,529.4793,266.68127,181.08955,191.802,14.083411,1143.1544,772.16583,154.71375
128.53473,475.65723,323.07446,177.20706,132.54909,9.198456,1141.5632,688.1083,325.34085
128.55928,510.19626,323.1436,155.41931,154.33862,8.053628,1056.8888,907.6034,123.39976
128.70914,367.04422,356.02533,199.34506,127.87957,12.934882,827.2185,880.68604,160.45172
128.77058,490.20297,343.3973,189.20139,151.90843,12.052286,1068.2676,961.34607,349.49182
128.82124,523.4623,230.55888,198.00266,140.55211,23.448803,1072.4662,852.995,183.86804
129.05934,537.6922,292.10504,150.31978,172.32661,3.635144,1114.6201,789.9042,91.98374
129.1071,502.7418,227.3597,180.02016,140.15794,13.928235,1005.79816,845.1009,124.012184
129.19351,507.26965,357.22897,160.05397,176.76549,27.532587,1141.153,869.4488,153.1926
129.27382,521.5583,325.10175,128.59233,133.33992,9.9885645,846.51514,817.42676,302.68655
129.31848,469.9612,270.14526,125.348236,124.84525,12.771802,838.89905,775.72906,131.58658
129.35245,489.82135,302.5569,199.56912,136.01384,15.14071,905.0657,928.8026,144.13275
129.42133,528.25867,320.7685,177.33678,145.18665,0.86730224,865.7685,860.2606,263.3927
129.44624,484.92404,357.2918,117.77298,157.55475,12.713109,1040.233,720.4667,184.48685
129.52985,419.5534,304.4909,187.80563,151.26381,3.16716,1070.5591,805.19977,95.64139
129.53925,467.07385,224.97768,196.30144,134.70595,20.687458,849.69214,781.2017,105.479515
129.5447,419.254,349.37695,183.35463,127.13239,15.164249,802.7026,729.16315,247.20401
129.56781,533.64233,286.41312,132.03186,148.27065,8.745705,973.82776,717.18933,161.21536
129.6529,500.30432,297.87497,120.44631,144.84988,23.809029,1052.4998,814.9485,176.05276
129.6564,452.8232,337.6766,179.1503,168.11731,7.3436155,980.5115,760.3449,139.04065
129.71588,512.6411,326.80896,166.52249,162.15898,12.213526,929.61395,734.4077,95.278
129.722,539.9982,331.33115,130.33609,133.66837,20.51525,940.2482,756.43567,317.80136
129.7636,510.2358,308.16165,141.62016,168.21548,14.37983,837.4929,809.4164,124.09957
129.90149,539.34033,353.78134,176.12685,127.18791,29.752724,984.9249,716.43445,66.3945
129.92316,437.1751,348.77966,163.0893,148.60828,9.09857,869.4275,771.6467,290.43396
129.94559,504.10345,251.12015,185.95291,153.18945,15.164591,885.5678,789.35254,206.57254
129.99475,526.5439,304.3292,189.88965,190.5956,16.7401,1104.8728,797.27454,166.79991
130.10913,328.33026,335.10117,181.99216,155.37672,6.350858,1091.25,782.07025,121.77203
130.13405,531.32733,308.63303,104.985275,141.97478,10.274356,1017.2763,888.04175,131.06912
130.1464,499.54376,318.30682,8.554606,160.46819,18.909218,1142.6396,772.96893,208.79874
130.14958,521.2073,220.03079,165.73454,135.69167,12.071426,1063.8344,772.4449,288.46777
130.28203,483.3141,295.34387,86.86671,138.34541,14.06663,1093.4598,774.55255,102.0371
130.32088,528.6714,240.83644,177.82155,134.14456,4.144171,806.7618,895.2625,167.24973
130.3646,456.2797,314.8867,160.36859,157.41243,12.303978,1031.821,867.4218,140.27785
130.41989,520.8936,348.1211,172.76953,163.71284,10.787902,864.41876,875.72986,212.48189
130.45018,533.08215,276.88742,111.686455,137.25363,2.0953302,803.42255,752.559,154.23314
130.46701,484.07935,244.07202,186.05293,122.35838,15.210268,806.3397,752.53467,37.17834
130.52055,520.35144,314.31497,87.52258,144.80632,20.589048,1050.1217,794.4019,105.2611
130.60178,532.55804,292.18387,154.45404,148.27408,13.083487,1089.4789,894.5276,347.91254
130.61128,459.28668,285.77542,170.69496,137.4701,22.336287,1073.017,787.81775,321.69913
130.65123,531.43396,320.68875,161.03915,152.68748,24.492138,1038.7828,938.7375,209.11346
130.65335,467.6869,312.84937,187.86841,122.11456,19.10875,823.90485,970.47424,95.61418
130.68474,441.78702,267.7022,193.07057,141.12936,9.706143,1023.74414,819.53424,98.620705
130.69856,466.2985,333.99768,152.54279,176.20761,22.057175,1141.1316,787.2341,281.13385
130.90381,520.75806,248.34367,192.29463,145.06662,21.699697,809.86523,832.7946,264.11047
130.95912,385.4071,340.33658,172.9163,136.60764,14.774688,1076.9845,812.8374,232.573
131.06844,514.1436,330.9589,156.13423,174.39818,6.8746004,853.7282,793.43164,122.3194
131.08447,410.79794,321.5345,177.04425,132.49321,5.070519,1133.9907,743.3948,150.56277
131.14383,424.0757,358.39944,188.43388,136.13864,3.7347474,1087.6769,810.7158,58.083897
131.23767,519.0354,195.98088,186.735,133.83582,4.667245,1040.7284,753.10504,121.227066
131.23914,446.92618,302.45944,187.90128,131.05801,24.53791,1010.7078,782.3126,270.14508
131.28865,510.18845,340.76822,162.69873,152.94073,8.4348955,1041.2959,678.58044,78.91851
131.35555,472.19696,312.5359,168.51346,158.49266,15.593599,990.5351,815.304,118.77556
131.3768,404.5461,356.51227,152.17271,125.564095,22.146454,831.7784,745.88654,109.40574
131.38176,377.6875,323.27786,176.47119,135.41771,25.05415,1081.4535,782.22217,82.99038
131.4376,523.0312,272.282,199.15068,135.56424,30.663393,1079.047,735.882,137.25421
131.47195,500.74026,255.02899,167.75345,146.9843,20.91601,1064.4097,826.5942,195.13527
131.5563,490.00156,348.71198,127.34356,155.1853,5.131235,818.58563,841.0927,103.971466
131.62515,538.5642,320.05338,39.630108,138.0168,16.67835,1117.0377,843.2101,126.04902
131.64865,520.27734,265.34308,171.78381,146.88269,14.580259,983.4542,871.0576,138.8295
131.66739,537.7752,353.4981,120.402985,130.24295,18.777344,1091.6052,893.94257,101.56969
131.72652,481.19424,358.93173,143.15504,165.96382,19.283045,828.07556,754.96027,268.10233
131.74092,514.5875,349.9949,148.16315,122.978226,6.8364434,976.20605,831.7607,179.98656
131.82861,362.6105,329.16266,132.74951,150.28224,10.255191,1117.06,756.30084,159.50914
131.83337,467.7794,330.47702,165.60542,137.84543,27.47289,1082.1082,806.5525,321.01343
131.8701,485.87628,285.0333,193.1274,174.81018,13.643065,1135.9161,811.3675,325.6346
131.90016,269.57214,315.48672,146.81454,145.72015,12.868149,1144.6399,761.31866,129.9119
132.015,493.7073,333.8725,166.88524,130.35999,4.521305,840.7448,703.6215,98.77974
132.04733,536.9291,221.32877,189.08829,153.37502,15.267668,1140.635,864.79895,288.85187
132.1833,429.5114,332.97226,97.2321,151.64392,11.0023,1131.011,795.7535,290.04486
132.22978,505.99228,285.18048,197.73283,147.11778,7.2096987,990.9445,671.3807,96.10185
132.33679,477.6847,314.15656,164.40048,166.71991,15.389865,1067.4862,814.8801,235.3574
132.36064,456.09692,351.32504,111.535355,164.9446,7.9084334,1129.1887,806.4226,286.05728
132.50574,500.4171,337.82452,5.670431,146.69281,8.55339,1048.1099,787.3039,112.427956
132.64157,460.51,334.75098,199.814,175.37915,16.534826,1094.9055,837.15326,184.47585
132.69339,395.33667,322.79315,173.37393,152.31412,20.582912,1067.413,821.26874,139.5659
132.82526,523.5666,344.33405,83.59131,150.51283,20.853313,1091.4409,768.57666,117.073845
132.93481,537.5067,319.17996,150.91895,128.93417,20.250677,848.71326,914.2756,132.47304
132.95268,513.0757,303.66232,147.04411,154.47272,3.3964229,1088.015,759.5019,144.02234
132.95636,531.87756,237.8076,191.00279,142.8678,15.559018,1109.9996,890.63544,164.80977
133.04118,526.313,352.32394,173.3529,148.77496,21.355776,829.96136,915.12036,227.07886
133.06801,529.61523,314.6657,142.81451,145.3656,22.75481,992.27905,865.27844,102.83524
133.07808,493.031,332.5994,178.12283,148.79825,4.9846425,1142.9113,668.0437,309.4918
133.14818,424.43613,351.76224,177.37802,167.05597,21.58316,1108.7518,803.9992,123.03559
133.1906,425.14456,344.04358,124.435936,151.46156,20.500902,825.6475,761.63007,126.134056
133.27501,474.8285,289.1972,177.82909,138.07654,25.49575,1063.8746,742.3081,107.986465
133.40845,526.3056,313.31833,167.50246,128.15425,8.269968,962.9857,828.9229,236.94138
133.41206,407.3489,357.13272,173.88226,144.04652,22.076355,836.79083,804.71735,79.20012
133.49864,448.0393,325.43546,176.14249,140.31448,21.981396,804.82996,816.8386,298.74756
133.57542,512.4291,353.80414,193.80305,136.16747,30.99263,1015.7475,911.9203,331.06165
133.70331,520.10065,280.76804,197.17377,156.47925,6.3174677,844.7251,727.55505,126.871254
133.76299,450.70526,350.40314,164.38156,166.61633,18.873882,1140.5026,834.76324,304.08334
133.79382,425.36462,341.4042,158.32362,131.37991,24.54688,1029.1823,784.10846,193.89964
133.81024,486.0958,305.77554,195.89114,169.48361,13.891779,1046.5475,814.0385,171.64098
133.83348,455.80875,231.33241,198.46397,155.74608,4.486658,812.1388,774.96796,106.833725
133.83728,470.42273,325.9541,188.33015,128.13806,11.364642,960.2179,853.6807,155.25859
133.85526,478.8539,354.09085,167.5291,125.75113,16.354956,1051.9501,874.17535,301.45493
133.90694,509.8874,349.04327,114.84006,150.99731,13.644774,861.5323,804.96765,105.14206
133.9268,396.63632,351.71497,196.56969,143.9817,27.459341,815.92096,770.8791,158.1995
133.94708,478.91953,287.62048,161.01822,157.13612,11.107284,817.0145,815.56274,233.2277
134.00598,490.43887,287.8866,135.09708,139.0453,10.601147,829.25635,741.6013,224.74031
134.1141,456.9796,347.99902,137.8514,161.72192,13.431225,1116.6237,846.4093,153.08073
134.14363,470.40805,327.87692,132.02657,154.538,8.632155,1089.8231,794.3116,361.80374
134.2421,480.31357,356.56668,138.54034,130.52864,6.1684413,967.9654,771.4865,154.16652
134.32565,484.48114,291.57404,189.17146,148.62444,5.4881215,897.0578,826.2697,140.8436
134.45218,483.32007,312.2439,178.4286,134.41322,30.498766,993.09076,786.0129,273.41095
134.46098,392.5543,284.80188,197.5111,141.71985,22.452139,830.39197,785.61096,109.23656
134.58972,531.45044,335.6949,115.73849,123.78152,16.499544,1048.8009,832.28076,75.57853
134.64209,521.87897,344.9616,127.59112,121.78384,6.7775564,977.5116,789.8799,178.52216
134.67824,470.46118,339.1187,150.74352,140.83395,15.216762,826.33923,765.5012,315.05704
134.73018,539.639,303.95667,190.52571,163.7372,12.453587,1095.465,696.7906,194.83104
134.81805,534.86957,244.98524,173.05595,147.44484,11.066747,917.5539,804.19525,93.40375
134.88826,533.488,335.32733,171.56767,151.40332,26.763586,1128.4438,715.9753,348.41193
135.0358,491.9221,327.1027,186.21985,160.53639,5.040111,1142.1814,708.74927,207.15886
135.15121,533.18164,345.9524,44.137985,136.39754,14.412586,1120.8704,734.04443,234.63507
135.1941,436.0381,317.7512,196.83536,139.30655,27.96017,1073.7078,769.1994,108.9874
135.3955,420.6139,269.35867,194.42603,140.86328,12.889921,1132.5155,829.15326,122.905136
135.51115,536.7867,327.0325,199.40646,123.58671,14.338901,1069.4011,938.99084,295.58533
135.56926,472.99155,321.56067,118.015335,136.74878,13.979109,1111.1117,810.833,195.50243
135.62596,528.5369,304.80478,146.37292,140.73663,4.9551215,820.6066,711.5287,75.24866
135.63858,531.1537,349.67856,185.46553,153.32352,13.363804,839.1994,886.1616,287.46857
135.82939,467.74384,353.605,188.86789,122.27051,31.674057,1005.0108,823.3715,250.25679
136.03224,506.25336,340.24335,174.08786,122.18103,9.8152275,1075.0288,705.57,200.37163
136.10197,525.7692,348.1477,117.98444,145.38977,10.515479,1144.2113,894.009,227.95343
136.18474,440.0074,345.48898,133.4815,145.54378,11.2695875,857.1351,768.54803,174.10176
136.22073,498.25565,311.08972,192.35043,148.02544,22.83332,876.94025,830.9376,115.52607
136.4137,488.57898,345.2145,93.620804,122.47939,11.570827,1122.618,803.0821,110.19705
136.43436,480.225,357.19284,170.16573,135.32558,7.625971,880.84467,832.2553,209.71355
136.50047,482.64886,352.5432,174.13179,162.82248,6.0013986,1053.051,822.7945,104.871765
136.72932,453.52084,343.7501,147.81808,141.63806,11.904382,889.7824,762.8691,130.31929
136.7438,489.0666,349.48798,105.86426,140.4635,16.363955,1035.9015,798.79156,202.95517
136.87361,492.19385,272.31192,189.2935,169.74905,10.494178,811.8243,804.88794,137.81793
136.95123,483.4999,322.67447,197.27231,165.52107,17.205736,1046.8036,774.35956,85.99167
137.01978,493.28284,358.07092,163.03577,127.36039,9.284574,1096.7026,882.51764,145.78358
137.07133,523.32306,312.215,150.73454,122.112625,7.4939694,827.3224,883.09265,57.94437
137.1787,428.3777,347.15863,149.68561,147.76251,20.891768,1140.187,730.3237,180.75925
137.34834,537.0104,320.0207,144.88826,124.60133,23.965366,903.9165,823.12213,107.08214
137.43565,536.9641,326.6107,108.839645,134.22824,24.629442,1116.2668,794.9708,126.95292
137.4535,514.52185,292.6099,198.08936,146.33409,31.196592,831.2101,795.265,308.0187
137.45766,513.8663,346.88095,193.82698,127.17009,20.316954,860.6564,752.51715,357.61404
137.86697,518.2048,303.67712,149.93748,153.03607,9.022154,1069.606,816.4617,66.8159
137.88394,532.76306,290.01157,130.85304,131.96925,15.35429,1009.9595,813.5806,143.03319
137.96004,458.07962,321.89175,176.71815,127.947105,18.607826,1102.8903,786.91693,306.452
138.21799,509.01352,349.96384,173.5628,153.37169,30.31928,1084.4369,841.99664,98.07821
138.4243,532.85394,332.0535,182.99112,144.29568,3.376016,990.68225,723.7169,258.74634
138.72462,484.29535,328.7628,168.613,141.91411,13.462485,1028.1151,759.7675,346.67712
138.8456,477.4422,312.67596,182.41782,162.30945,17.942556,1080.2338,794.0981,147.50752
139.01656,501.2602,351.39685,183.71344,123.16301,23.150703,1101.7039,889.0035,256.76355
139.59708,532.4742,340.4711,166.41914,154.03128,15.0589,1126.0679,922.6877,169.43481
139.82744,478.97574,341.847,149.51732,160.20801,24.83291,1131.3091,767.6114,121.13485
140.05078,477.6385,349.51025,152.94604,133.98997,19.921871,905.628,767.9559,145.22615
140.05956,489.6926,310.45767,123.52566,158.90276,11.246879,805.44714,798.8825,210.68384
140.56544,484.7253,293.61896,161.89302,131.64359,30.629906,804.8431,785.09937,167.21738
140.57092,535.57104,344.2264,191.26328,154.06274,13.863717,1012.49054,934.9849,112.17703
140.58817,519.8858,325.40192,162.79639,135.88443,19.795446,808.3013,837.84906,249.28273
140.59003,529.10345,318.5413,154.25134,123.22325,21.750893,1030.421,793.64264,302.92603
140.60088,496.15048,326.82935,174.63913,136.22882,11.3561735,866.0514,746.86145,189.62186
140.6261,516.80743,322.60056,146.14023,135.37656,4.1853967,1042.8302,775.6084,169.81758
140.75854,530.64685,345.42426,193.57274,133.72488,30.954256,867.11426,771.6035,266.1698
140.8929,444.276,344.8087,190.90706,158.44365,9.030048,1088.5929,785.0466,295.3686
141.88994,467.6233,354.14017,173.82762,143.64363,11.453559,866.00824,812.6791,158.31816
142.12807,503.82648,330.10187,132.79521,131.15944,23.838146,1133.8368,794.2636,183.06522
142.30446,529.8558,296.4189,153.59514,153.86292,26.669218,1140.2601,782.8185,142.46202
142.48831,449.37878,352.8014,159.84723,150.4862,11.007733,1054.1864,749.6129,129.6704
143.40903,513.2285,354.1164,158.28123,176.32426,15.021567,811.5855,784.1375,89.77127
143.43365,539.85895,328.0727,178.57684,128.22221,8.519798,882.1248,784.6615,325.16626
143.45555,537.67865,347.54303,141.66496,128.23344,24.593086,1027.4222,792.7132,219.526
143.63057,476.673,353.25742,171.28227,137.76857,27.47194,809.3712,811.02985,120.37103
143.73709,515.7477,357.3265,172.60265,128.11697,17.384071,986.2506,810.5633,210.82585
143.83466,536.56134,346.8131,171.8161,161.42117,29.529129,813.8887,785.1422,113.17259
144.55373,503.29013,333.91388,168.82661,155.87035,13.946385,1089.6084,777.79004,329.95544
144.58257,520.57025,342.22446,198.99754,130.70815,12.421728,967.83344,852.32465,161.71559
144.60394,511.36948,349.28534,175.96696,165.02855,20.188478,1139.1335,813.862,108.37495
144.75256,465.5615,317.86288,187.80016,127.718285,19.847836,811.057,760.972,188.80894
144.79768,500.16956,345.57416,176.26648,152.32356,8.065257,857.7695,792.50385,61.207485
145.08995,489.25803,343.8843,181.89012,141.44904,23.238287,1099.292,802.68933,240.41428
145.29005,479.78815,294.78476,184.33122,126.50821,4.856505,804.89343,840.1739,128.93855
145.48299,537.4282,336.7909,191.78275,159.98393,16.49346,1022.72,789.6888,69.31328
146.49918,453.4226,341.6787,197.00151,142.37747,12.8977375,1116.0173,810.1946,255.83954
146.89165,524.0051,313.4549,196.49011,123.05389,8.992387,1093.7389,798.9542,261.9127
147.07213,515.31586,339.3696,183.84854,132.11008,15.369262,1025.2101,761.606,188.60016
148.44234,464.54398,350.8883,167.82564,146.0319,4.8656087,1144.4125,773.38116,82.06031
149.07852,462.37332,300.30005,157.10036,137.53708,9.679524,1141.4469,796.0993,81.01446
155.1068,536.3153,312.0282,188.2802,144.7747,15.3249,1044.4587,772.92395,135.72195
155.31532,489.46573,353.0993,172.2969,148.99838,15.330546,1112.0366,792.46747,107.999504