Concrete Compressive Strength,Blast Furnace Slag,Fly Ash,Water,Superplasticizer,Coarse Aggregate,Fine Aggregate,Age,Cement
79.986115,0,0,162,2.5,1040,676,28,540
61.887367,0,0,162,2.5,1055,676,28,540
40.269535,142.5,0,228,0,932,594,270,332.5
41.05278,142.5,0,228,0,932,594,365,332.5
44.296074,132.4,0,192,0,978.4,825.5,360,198.6
47.029846,114,0,228,0,932,670,90,266
43.6983,95,0,228,0,932,594,365,380
36.44777,95,0,228,0,932,594,28,380
45.85429,114,0,228,0,932,670,28,266
39.28979,0,0,228,0,932,594,28,475
38.074245,132.4,0,192,0,978.4,825.5,90,198.6
28.021683,132.4,0,192,0,978.4,825.5,28,198.6
43.01296,47.5,0,228,0,932,594,270,427.5
42.32693,190,0,228,0,932,670,90,190
47.81378,76,0,228,0,932,670,28,304
52.90832,0,0,228,0,932,670,90,380
39.358047,209.4,0,192,0,1047,806.9,90,139.6
56.141964,38,0,228,0,932,670,365,342
40.56325,95,0,228,0,932,594,90,380
42.620647,0,0,228,0,932,594,180,475
41.836716,47.5,0,228,0,932,594,180,427.5
28.23749,209.4,0,192,0,1047,806.9,28,139.6
8.063422,209.4,0,192,0,1047,806.9,3,139.6
44.20782,209.4,0,192,0,1047,806.9,180,139.6
52.516697,0,0,228,0,932,670,365,380
53.300632,0,0,228,0,932,670,270,380
41.151375,95,0,228,0,932,594,270,380
52.124386,38,0,228,0,932,670,180,342
37.427517,47.5,0,228,0,932,594,28,427.5
38.60376,0,0,228,0,932,594,7,475
55.260124,76,0,228,0,932,670,365,304
52.90832,114,0,228,0,932,670,365,266
41.7195,132.4,0,192,0,978.4,825.5,180,198.6
42.13112,0,0,228,0,932,594,270,475
53.692253,190,0,228,0,932,670,365,190
38.40795,237.5,0,228,0,932,594,270,237.5
30.07977,237.5,0,228,0,932,594,28,237.5
37.72192,142.5,0,228,0,932,594,90,332.5
42.229027,0,0,228,0,932,594,90,475
36.251957,237.5,0,228,0,932,594,180,237.5
50.4593,38,0,228,0,932,670,90,342
43.6983,47.5,0,228,0,932,594,365,427.5
38.995384,237.5,0,228,0,932,594,365,237.5
53.10413,0,0,228,0,932,670,180,380
41.543,47.5,0,228,0,932,594,90,427.5
35.0764,47.5,0,228,0,932,594,7,427.5
15.049192,0,0,192,0,1047,806.9,3,349
40.759064,95,0,228,0,932,594,180,380
26.258003,237.5,0,228,0,932,594,7,237.5
32.823193,95,0,228,0,932,594,7,380
39.779316,142.5,0,228,0,932,594,180,332.5
46.931942,190,0,228,0,932,670,180,190
33.116913,237.5,0,228,0,932,594,90,237.5
49.18515,76,0,228,0,932,670,90,304
14.589313,209.4,0,192,0,1047,806.9,7,139.6
14.638265,132.4,0,192,0,978.4,825.5,7,198.6
41.93462,0,0,228,0,932,594,365,475
9.13142,132.4,0,192,0,978.4,825.5,3,198.6
50.94883,76,0,228,0,932,670,180,304
33.019005,142.5,0,228,0,932,594,28,332.5
54.378284,76,0,228,0,932,670,270,304
51.73276,114,0,228,0,932,670,270,266
9.866402,0,0,192,0,971,850.6,3,310
50.655113,190,0,228,0,932,670,270,190
48.69562,114,0,228,0,932,670,180,266
55.064312,38,0,228,0,932,670,270,342
44.69804,209.4,0,192,0,1047,806.9,360,139.6
30.275581,142.5,0,228,0,932,594,7,332.5
40.856968,190,0,228,0,932,670,28,190
71.98819,0,0,146,0,1120,800,28,485
34.397957,189.2,0,170.1,10.1,926.1,756.7,3,374
28.799412,262.2,0,175.5,8.6,1046.9,611.8,3,313.3
33.398216,106.3,0,153.5,16.5,852.1,887.1,3,425
36.30091,106.3,0,151.4,18.6,936,803.7,3,425
28.999361,93.8,0,126.6,23.4,852.1,992.6,3,375
37.797073,118.8,0,181.1,8.9,852.1,781.5,3,475
40.19645,117.2,0,137.8,32.2,852.1,840.5,3,469
33.398216,106.3,0,153.5,16.5,852.1,887.1,3,425
28.096148,97.1,0,157.9,12.1,852.1,925.7,3,388.6
41.299614,0,0,141.8,28.2,852.1,893.7,3,531.3
33.398216,106.3,0,153.5,16.5,852.1,887.1,3,425
25.200348,212.5,0,155.7,14.3,852.1,880.4,3,318.8
41.099663,94.7,0,147.4,11.4,946.8,852.1,3,401.8
35.30117,189,0,164.9,11.6,944.7,755.8,3,362.6
28.296095,282.8,0,183.8,10.3,942.7,659.9,3,323.7
28.599464,151.2,0,153.9,15.9,1134.3,605,3,379.5
35.30117,189,0,164.9,11.6,944.7,755.8,3,362.6
24.400557,200.9,0,144.7,11.2,1004.6,803.7,3,286.3
35.30117,189,0,164.9,11.6,944.7,755.8,3,362.6
39.300133,177,0,186,11.1,884.9,707.9,3,439
40.596348,189,0,145.9,22,944.7,755.8,3,389.9
35.30117,189,0,164.9,11.6,944.7,755.8,3,362.6
24.097187,189,0,174.9,9.5,944.7,755.8,3,337.9
46.201786,189.2,0,170.1,10.1,926.1,756.7,7,374
42.795776,262.2,0,175.5,8.6,1046.9,611.8,7,313.3
49.201008,106.3,0,153.5,16.5,852.1,887.1,7,425
46.801632,106.3,0,151.4,18.6,936,803.7,7,425
45.69847,93.8,0,126.6,23.4,852.1,992.6,7,375
55.599346,118.8,0,181.1,8.9,852.1,781.5,7,475
54.89608,117.2,0,137.8,32.2,852.1,840.5,7,469
49.201008,106.3,0,153.5,16.5,852.1,887.1,7,425
34.901276,97.1,0,157.9,12.1,852.1,925.7,7,388.6
46.89816,0,0,141.8,28.2,852.1,893.7,7,531.3
49.201008,106.3,0,153.5,16.5,852.1,887.1,7,425
33.398216,212.5,0,155.7,14.3,852.1,880.4,7,318.8
54.096287,94.7,0,147.4,11.4,946.8,852.1,7,401.8
55.89582,189,0,164.9,11.6,944.7,755.8,7,362.6
49.80085,282.8,0,183.8,10.3,942.7,659.9,7,323.7
47.098106,151.2,0,153.9,15.9,1134.3,605,7,379.5
55.89582,189,0,164.9,11.6,944.7,755.8,7,362.6
37.99702,200.9,0,144.7,11.2,1004.6,803.7,7,286.3
55.89582,189,0,164.9,11.6,944.7,755.8,7,362.6
56.095768,177,0,186,11.1,884.9,707.9,7,439
59.09499,189,0,145.9,22,944.7,755.8,7,389.9
22.897497,189,0,164.9,11.6,944.7,755.8,7,362.6
35.101223,189,0,174.9,9.5,944.7,755.8,7,337.9
61.094467,189.2,0,170.1,10.1,926.1,756.7,28,374
59.798252,262.2,0,175.5,8.6,1046.9,611.8,28,313.3
60.294678,106.3,0,153.5,16.5,852.1,887.1,28,425
61.797733,106.3,0,151.4,18.6,936,803.7,28,425
56.69561,93.8,0,126.6,23.4,852.1,992.6,28,375
68.29949,118.8,0,181.1,8.9,852.1,781.5,28,475
66.89986,117.2,0,137.8,32.2,852.1,840.5,28,469
60.294678,106.3,0,153.5,16.5,852.1,887.1,28,425
50.69717,97.1,0,157.9,12.1,852.1,925.7,28,388.6
56.399136,0,0,141.8,28.2,852.1,893.7,28,531.3
60.294678,106.3,0,153.5,16.5,852.1,887.1,28,425
55.495922,212.5,0,155.7,14.3,852.1,880.4,28,318.8
68.49944,94.7,0,147.4,11.4,946.8,852.1,28,401.8
71.29871,189,0,164.9,11.6,944.7,755.8,28,362.6
74.69783,282.8,0,183.8,10.3,942.7,659.9,28,323.7
52.20023,151.2,0,153.9,15.9,1134.3,605,28,379.5
71.29871,189,0,164.9,11.6,944.7,755.8,28,362.6
67.699646,200.9,0,144.7,11.2,1004.6,803.7,28,286.3
71.29871,189,0,164.9,11.6,944.7,755.8,28,362.6
65.99664,177,0,186,11.1,884.9,707.9,28,439
74.49788,189,0,145.9,22,944.7,755.8,28,389.9
71.29871,189,0,164.9,11.6,944.7,755.8,28,362.6
49.897377,189,0,174.9,9.5,944.7,755.8,28,337.9
63.39732,189.2,0,170.1,10.1,926.1,756.7,56,374
64.900375,262.2,0,175.5,8.6,1046.9,611.8,56,313.3
64.30053,106.3,0,153.5,16.5,852.1,887.1,56,425
64.900375,106.3,0,151.4,18.6,936,803.7,56,425
60.19815,93.8,0,126.6,23.4,852.1,992.6,56,375
72.298454,118.8,0,181.1,8.9,852.1,781.5,56,475
69.29923,117.2,0,137.8,32.2,852.1,840.5,56,469
64.30053,106.3,0,153.5,16.5,852.1,887.1,56,425
55.199448,97.1,0,157.9,12.1,852.1,925.7,56,388.6
58.79851,0,0,141.8,28.2,852.1,893.7,56,531.3
64.30053,106.3,0,153.5,16.5,852.1,887.1,56,425
66.10007,212.5,0,155.7,14.3,852.1,880.4,56,318.8
73.69809,94.7,0,147.4,11.4,946.8,852.1,56,401.8
77.29716,189,0,164.9,11.6,944.7,755.8,56,362.6
80.19985,282.8,0,183.8,10.3,942.7,659.9,56,323.7
54.89608,151.2,0,153.9,15.9,1134.3,605,56,379.5
77.29716,189,0,164.9,11.6,944.7,755.8,56,362.6
72.99483,200.9,0,144.7,11.2,1004.6,803.7,56,286.3
77.29716,189,0,164.9,11.6,944.7,755.8,56,362.6
71.69861,177,0,186,11.1,884.9,707.9,56,439
79.400055,189,0,145.9,22,944.7,755.8,56,389.9
77.29716,189,0,164.9,11.6,944.7,755.8,56,362.6
59.89478,189,0,174.9,9.5,944.7,755.8,56,337.9
64.900375,189.2,0,170.1,10.1,926.1,756.7,91,374
66.59649,262.2,0,175.5,8.6,1046.9,611.8,91,313.3
65.19685,106.3,0,153.5,16.5,852.1,887.1,91,425
66.699905,106.3,0,151.4,18.6,936,803.7,91,425
62.501,93.8,0,126.6,23.4,852.1,992.6,91,375
74.19451,118.8,0,181.1,8.9,852.1,781.5,91,475
70.69887,117.2,0,137.8,32.2,852.1,840.5,91,469
65.19685,106.3,0,153.5,16.5,852.1,887.1,91,425
57.598824,97.1,0,157.9,12.1,852.1,925.7,91,388.6
59.19841,0,0,141.8,28.2,852.1,893.7,91,531.3
65.19685,106.3,0,153.5,16.5,852.1,887.1,91,425
68.09954,212.5,0,155.7,14.3,852.1,880.4,91,318.8
75.49762,94.7,0,147.4,11.4,946.8,852.1,91,401.8
79.29664,189,0,164.9,11.6,944.7,755.8,91,362.6
56.495663,151.2,0,153.9,15.9,1134.3,605,91,379.5
79.29664,189,0,164.9,11.6,944.7,755.8,91,362.6
76.80073,200.9,0,144.7,11.2,1004.6,803.7,91,286.3
79.29664,189,0,164.9,11.6,944.7,755.8,91,362.6
73.298195,177,0,186,11.1,884.9,707.9,91,439
82.59923,189,0,145.9,22,944.7,755.8,91,389.9
79.29664,189,0,164.9,11.6,944.7,755.8,91,362.6
67.79617,189,0,174.9,9.5,944.7,755.8,91,337.9
11.576302,0,96.67,189.29,4.46,967.08,870.32,3,222.36
24.448818,0,96.67,189.29,4.46,967.08,870.32,14,222.36
24.890083,0,96.67,189.29,4.46,967.08,870.32,28,222.36
29.44752,0,96.67,189.29,4.46,967.08,870.32,56,222.36
40.71356,0,96.67,189.29,4.46,967.08,870.32,100,222.36
10.383509,0,94.58,197.89,4.567,947.04,852.16,3,233.81
22.139074,0,94.58,197.89,4.567,947.04,852.16,14,233.81
22.835445,0,94.58,197.89,4.567,947.04,852.16,28,233.81
27.661777,0,94.58,197.89,4.567,947.04,852.16,56,233.81
34.556538,0,94.58,197.89,4.567,947.04,852.16,100,233.81
12.451937,0,100.52,165.62,7.48,1006.4,905.9,3,194.68
24.98661,0,100.52,165.62,7.48,1006.4,905.9,14,194.68
25.72435,0,100.52,165.62,7.48,1006.4,905.9,28,194.68
33.96359,0,100.52,165.62,7.48,1006.4,905.9,56,194.68
37.342022,0,100.52,165.62,7.48,1006.4,905.9,100,194.68
15.044366,0,125.4,162.14,7.77,1090,804.01,3,190.68
21.063492,0,125.4,162.14,7.77,1090,804.01,14,190.68
26.400036,0,125.4,162.14,7.77,1090,804.01,28,190.68
35.34254,0,125.4,162.14,7.77,1090,804.01,56,190.68
40.568768,0,125.4,162.14,7.77,1090,804.01,100,190.68
12.472621,0,121.62,180.31,5.69,1057.6,779.32,3,212.07
20.918701,0,121.62,180.31,5.69,1057.6,779.32,14,212.07
24.903873,0,121.62,180.31,5.69,1057.6,779.32,28,212.07
34.204903,0,121.62,180.31,5.69,1057.6,779.32,56,212.07
39.610397,0,121.62,180.31,5.69,1057.6,779.32,100,212.07
10.031876,0,118.31,195.47,4.63,1029.4,758.59,3,229.97
20.084436,0,118.31,195.47,4.63,1029.4,758.59,14,229.97
24.483294,0,118.31,195.47,4.63,1029.4,758.59,28,229.97
31.536633,0,118.31,195.47,4.63,1029.4,758.59,56,229.97
35.34254,0,118.31,195.47,4.63,1029.4,758.59,100,229.97
9.445821,0,125.18,161.85,9.88,1088.1,802.59,3,190.34
22.718235,0,125.18,161.85,9.88,1088.1,802.59,14,190.34
28.468464,0,125.18,161.85,9.88,1088.1,802.59,28,190.34
38.562393,0,125.18,161.85,9.88,1088.1,802.59,56,190.34
40.389503,0,125.18,161.85,9.88,1088.1,802.59,100,190.34
10.76272,0,163.27,176.46,4.49,1058.6,780.09,3,166.09
25.483032,0,163.27,176.46,4.49,1058.6,780.09,14,166.09
21.53923,0,163.27,176.46,4.49,1058.6,780.09,28,166.09
28.627043,0,163.27,176.46,4.49,1058.6,780.09,56,166.09
33.543007,0,163.27,176.46,4.49,1058.6,780.09,100,166.09
7.74971,42.08,163.83,121.75,5.72,1058.7,780.11,3,167.95
17.822954,42.08,163.83,121.75,5.72,1058.7,780.11,14,167.95
24.241976,42.08,163.83,121.75,5.72,1058.7,780.11,28,167.95
32.85353,42.08,163.83,121.75,5.72,1058.7,780.11,56,167.95
39.231186,42.08,163.83,121.75,5.72,1058.7,780.11,100,167.95
17.995323,98.05,24.51,181.71,6.86,1065.8,785.38,3,213.72
30.385208,98.05,24.51,181.71,6.86,1065.8,785.38,14,213.72
45.705364,98.05,24.51,181.71,6.86,1065.8,785.38,28,213.72
50.773014,98.05,24.51,181.71,6.86,1065.8,785.38,56,213.72
53.903233,98.05,24.51,181.71,6.86,1065.8,785.38,100,213.72
13.182781,98.06,24.52,181.74,6.65,1066,785.52,3,213.76
17.836744,98.06,24.52,181.74,6.65,1066,785.52,14,213.76
40.230923,98.06,24.52,181.74,6.65,1066,785.52,28,213.76
47.13258,98.06,24.52,181.74,6.65,1066,785.52,56,213.76
49.97322,98.06,24.52,181.74,6.65,1066,785.52,100,213.76
13.35515,0,118.16,195.23,6.13,1028.1,757.63,3,229.68
22.318338,0,118.16,195.23,6.13,1028.1,757.63,14,229.68
24.53845,0,118.16,195.23,6.13,1028.1,757.63,28,229.68
31.350473,0,118.16,195.23,6.13,1028.1,757.63,56,229.68
40.85835,0,118.16,195.23,6.13,1028.1,757.63,100,229.68
19.93275,0,94.11,186.66,7,949.91,847.01,3,238.05
25.689877,0,94.11,186.66,7,949.91,847.01,14,238.05
30.233522,0,94.11,186.66,7,949.91,847.01,28,238.05
39.58971,0,94.11,186.66,7,949.91,847.01,56,238.05
44.298832,0,94.11,186.66,7,949.91,847.01,100,238.05
13.817099,0,95.69,187.42,5.53,956.86,861.17,3,250
24.917664,0,95.69,187.42,5.53,956.86,861.17,14,250
29.219994,0,95.69,187.42,5.53,956.86,861.17,28,250
38.327972,0,95.69,187.42,5.53,956.86,861.17,56,250
42.347614,0,95.69,187.42,5.53,956.86,861.17,100,250
13.541308,0,100.37,159.32,8.71,1007.8,903.59,3,212.52
26.310404,0,100.37,159.32,8.71,1007.8,903.59,14,212.52
31.640053,0,100.37,159.32,8.71,1007.8,903.59,28,212.52
42.547565,0,100.37,159.32,8.71,1007.8,903.59,56,212.52
42.91988,0,100.37,159.32,8.71,1007.8,903.59,100,212.52
13.334466,0,100.39,159.35,10.37,1003.8,903.79,3,212.57
25.372717,0,100.39,159.35,10.37,1003.8,903.79,14,212.57
37.40407,0,100.39,159.35,10.37,1003.8,903.79,28,212.57
44.39536,0,100.39,159.35,10.37,1003.8,903.79,56,212.57
47.73932,0,100.39,159.35,10.37,1003.8,903.79,100,212.57
19.519066,0,124.78,159,7.84,1085.4,799.54,3,212
31.350473,0,124.78,159,7.84,1085.4,799.54,14,212
38.50034,0,124.78,159,7.84,1085.4,799.54,28,212
45.084835,0,124.78,159,7.84,1085.4,799.54,56,212
47.81516,0,124.78,159,7.84,1085.4,799.54,100,212
15.437367,0,121.62,173.96,6.72,1056.4,778.45,3,231.75
26.772352,0,121.62,173.96,6.72,1056.4,778.45,14,231.75
33.729164,0,121.62,173.96,6.72,1056.4,778.45,28,231.75
42.69925,0,121.62,173.96,6.72,1056.4,778.45,56,231.75
45.836365,0,121.62,173.96,6.72,1056.4,778.45,100,231.75
17.22311,0,118.27,188.45,5.75,1028.4,757.73,3,251.37
29.930153,0,118.27,188.45,5.75,1028.4,757.73,14,251.37
29.654364,0,118.27,188.45,5.75,1028.4,757.73,28,251.37
36.969704,0,118.27,188.45,5.75,1028.4,757.73,56,251.37
43.58178,0,118.27,188.45,5.75,1028.4,757.73,100,251.37
13.1207285,0,118.27,188.45,6.35,1028.4,757.73,3,251.37
24.428135,0,118.27,188.45,6.35,1028.4,757.73,14,251.37
32.660477,0,118.27,188.45,6.35,1028.4,757.73,28,251.37
36.638756,0,118.27,188.45,6.35,1028.4,757.73,56,251.37
44.2092,0,118.27,188.45,6.35,1028.4,757.73,100,251.37
13.624045,0,167.01,169.59,7.56,1055.6,777.8,3,181.38
21.601284,0,167.01,169.59,7.56,1055.6,777.8,14,181.38
27.772093,0,167.01,169.59,7.56,1055.6,777.8,28,181.38
35.57007,0,167.01,169.59,7.56,1055.6,777.8,56,181.38
45.36752,0,167.01,169.59,7.56,1055.6,777.8,100,181.38
7.3153405,45.21,121.97,170.21,8.19,1059.4,780.65,3,182.04
21.504757,45.21,121.97,170.21,8.19,1059.4,780.65,14,182.04
31.267736,45.21,121.97,170.21,8.19,1059.4,780.65,28,182.04
43.499043,45.21,121.97,170.21,8.19,1059.4,780.65,56,182.04
48.670113,45.21,121.97,170.21,8.19,1059.4,780.65,100,182.04
7.3980775,42.22,124.25,158.33,10.83,1080.8,796.15,3,168.88
23.511131,42.22,124.25,158.33,10.83,1080.8,796.15,14,168.88
31.116053,42.22,124.25,158.33,10.83,1080.8,796.15,28,168.88
39.14845,42.22,124.25,158.33,10.83,1080.8,796.15,56,168.88
48.153004,42.22,124.25,158.33,10.83,1080.8,796.15,100,168.88
22.504498,0,96.18,168.08,9.41,961.18,865,3,290.35
34.673748,0,96.18,168.08,9.41,961.18,865,14,290.35
34.7358,0,96.18,168.08,9.41,961.18,865,28,290.35
45.084835,0,96.18,168.08,9.41,961.18,865,56,290.35
48.97348,0,96.18,168.08,9.41,961.18,865,100,290.35
23.138815,0,97.39,160.6,11.83,973.9,875.61,3,277.05
41.885666,0,97.39,160.6,11.83,973.9,875.61,14,277.05
48.284004,0,97.39,160.6,11.83,973.9,875.61,28,277.05
51.035015,0,97.39,160.6,11.83,973.9,875.61,56,277.05
55.640713,0,97.39,160.6,11.83,973.9,875.61,100,277.05
22.94576,0,95.64,171.54,8.87,955.14,859.2,3,295.71
35.232224,0,95.64,171.54,8.87,955.14,859.2,14,295.71
39.941345,0,95.64,171.54,8.87,955.14,859.2,28,295.71
48.718372,0,95.64,171.54,8.87,955.14,859.2,56,295.71
52.04165,0,95.64,171.54,8.87,955.14,859.2,100,295.71
21.022123,0,99.94,146.14,12.35,1006,899.76,3,251.81
33.35685,0,99.94,146.14,12.35,1006,899.76,14,251.81
33.9429,0,99.94,146.14,12.35,1006,899.76,28,251.81
44.140255,0,99.94,146.14,12.35,1006,899.76,56,251.81
45.36752,0,99.94,146.14,12.35,1006,899.76,100,251.81
15.361526,0,98.75,158.11,12.8,987.76,889.01,3,249.1
28.682201,0,98.75,158.11,12.8,987.76,889.01,14,249.1
30.847157,0,98.75,158.11,12.8,987.76,889.01,28,249.1
42.030457,0,98.75,158.11,12.8,987.76,889.01,56,249.1
51.0557,0,98.75,158.11,12.8,987.76,889.01,100,249.1
21.780546,0,98.75,146.25,14.17,987.76,889.01,3,252.31
42.292458,0,98.75,146.25,14.17,987.76,889.01,14,252.31
50.600643,0,98.75,146.25,14.17,987.76,889.01,28,252.31
55.82687,0,98.75,146.25,14.17,987.76,889.01,56,252.31
60.949677,0,98.75,146.25,14.17,987.76,889.01,100,252.31
23.524921,0,125.08,143.3,11.99,1086.8,800.89,3,246.83
42.216614,0,125.08,143.3,11.99,1086.8,800.89,14,246.83
52.503597,0,125.08,143.3,11.99,1086.8,800.89,28,246.83
60.322254,0,125.08,143.3,11.99,1086.8,800.89,56,246.83
66.42412,0,125.08,143.3,11.99,1086.8,800.89,100,246.83
23.80071,0,121.35,159.48,9.9,1053.6,777.5,3,275.07
38.769234,0,121.35,159.48,9.9,1053.6,777.5,14,275.07
51.33149,0,121.35,159.48,9.9,1053.6,777.5,28,275.07
56.847298,0,121.35,159.48,9.9,1053.6,777.5,56,275.07
58.60546,0,121.35,159.48,9.9,1053.6,777.5,100,275.07
21.911547,0,117.54,174.8,9.52,1022.8,753.45,3,297.16
36.990387,0,117.54,174.8,9.52,1022.8,753.45,14,297.16
47.401474,0,117.54,174.8,9.52,1022.8,753.45,28,297.16
51.95891,0,117.54,174.8,9.52,1022.8,753.45,56,297.16
56.743874,0,117.54,174.8,9.52,1022.8,753.45,100,297.16
17.574743,0,174.74,154.79,10.16,1053.5,776.35,3,213.74
33.729164,0,174.74,154.79,10.16,1053.5,776.35,14,213.74
40.148186,0,174.74,154.79,10.16,1053.5,776.35,28,213.74
46.64305,0,174.74,154.79,10.16,1053.5,776.35,56,213.74
50.07664,0,174.74,154.79,10.16,1053.5,776.35,100,213.74
17.3679,0,174.24,154.61,11.66,1052.3,775.48,3,213.5
33.701588,0,174.24,154.61,11.66,1052.3,775.48,14,213.5
45.939785,0,174.24,154.61,11.66,1052.3,775.48,28,213.5
51.43491,0,174.24,154.61,11.66,1052.3,775.48,56,213.5
59.30183,0,174.24,154.61,11.66,1052.3,775.48,100,213.5
30.44726,97.82,24.46,160.7,11.19,1061.7,782.46,3,277.19
47.71174,97.82,24.46,160.7,11.19,1061.7,782.46,14,277.19
63.142212,97.82,24.46,160.7,11.19,1061.7,782.46,28,277.19
66.82401,97.82,24.46,160.7,11.19,1061.7,782.46,56,277.19
66.94812,97.82,24.46,160.7,11.19,1061.7,782.46,100,277.19
27.42046,54.64,123.78,140.75,11.91,1075.7,792.67,3,218.23
35.956173,54.64,123.78,140.75,11.91,1075.7,792.67,14,218.23
55.509712,54.64,123.78,140.75,11.91,1075.7,792.67,28,218.23
61.990788,54.64,123.78,140.75,11.91,1075.7,792.67,56,218.23
63.52832,54.64,123.78,140.75,11.91,1075.7,792.67,100,218.23
18.016008,53.8,121.89,155.63,9.61,1014.3,780.58,3,214.9
38.60376,53.8,121.89,155.63,9.61,1014.3,780.58,14,214.9
52.20023,53.8,121.89,155.63,9.61,1014.3,780.58,28,214.9
53.958393,53.8,121.89,155.63,9.61,1014.3,780.58,56,214.9
56.63356,53.8,121.89,155.63,9.61,1014.3,780.58,100,214.9
15.340841,0,124.13,158.49,11.33,1078.7,794.91,3,218.85
26.048403,0,124.13,158.49,11.33,1078.7,794.91,14,218.85
30.219732,0,124.13,158.49,11.33,1078.7,794.91,28,218.85
37.26618,0,124.13,158.49,11.33,1078.7,794.91,56,218.85
46.229366,0,124.13,158.49,11.33,1078.7,794.91,100,218.85
16.278528,0,0,214.6,0,1003.5,762.36,3,376
25.620928,0,0,214.6,0,1003.5,762.36,14,376
31.971003,0,0,214.6,0,1003.5,762.36,28,376
36.30091,0,0,214.6,0,1003.5,762.36,56,376
43.057777,0,0,214.6,0,1003.5,762.36,100,376
67.56865,0,0,140,4,966,853,28,500
57.22651,0,59,142,1.9,1098,641,28,475
81.75117,137,0,145,5.9,1130,745,28,315
64.017845,0,60,195,0,1030,630,28,505
78.80021,0,0,165,11.25,1030,745,28,451
41.36856,0,0,162,8.2,801,802,28,516
60.280888,0,0,170,5.2,855,855,28,520
56.833508,0,0,185,6.86,920,720,28,528
51.021225,0,0,175,5.2,870,805,28,520
55.551083,0,136,158,20,903,768,28,385
44.133358,0,0,200,3,1124.4,613.2,28,500.1
39.375973,50,0,200,3,1124.4,613.2,28,450.1
55.64761,17.2,158,167,20.8,967,633,28,397
47.27737,17.5,163,167,17.9,996,652,28,333
44.326412,17.6,158,189,15.3,967,633,28,334
52.30365,0,0,175,0,1120,695,28,405
49.24927,200,0,190,0,1145,660,28,200
41.36856,0,0,162,8.26,801,802,28,516
29.15794,116,119,184,5.7,833,880,28,145
39.39666,128,122,182,6.4,824,879,28,160
39.300133,156,0,189,5.85,981,760,28,234
67.86512,180,95,159,9.45,860,800,28,250
58.522724,0,0,162,9.5,1044,662,28,475
53.57918,190,0,163,7.6,1031,685,28,285
58.998463,119,0,160,9.03,1061,657,28,356
76.23536,180,120,162,10.35,830,765,28,275
69.83702,0,0,151,9,1033,655,28,500
14.396259,0.02,143.57,163.81,0,1005.6,900.9,3,165
19.415644,128.5,132.1,175.06,8.08,1005.8,746.6,3,165
20.725649,129.8,118.6,179.94,3.57,1007.3,746.8,3,178.03
14.940945,129.9,128.62,175.46,7.79,1006.3,746.6,3,167.35
21.29102,13.61,172.37,156.76,4.14,1006.3,856.4,3,172.38
23.076761,50.05,173.53,164.77,6.47,1006.2,793.5,3,173.54
15.520104,75.4,167,164.03,7.91,1007.3,770.1,3,167
15.81658,93.37,159.9,172.34,9.73,1007.2,746.6,3,173.81
12.548463,0,125.18,166.61,9.88,1079,798.9,3,190.34
8.48745,0,95.69,191.84,5.33,948.9,857.2,3,250
15.609736,0,174.24,159.21,11.66,1043.6,771.9,3,213.5
12.1761465,0,100.52,170.17,7.48,998,901.8,3,194.68
11.983093,0,118.27,192.94,5.75,1043.6,754.3,3,251.37
16.878372,0.02,143.57,163.81,0,1005.6,900.9,14,165
33.08795,128.5,132.1,175.06,8.08,1005.8,746.6,14,165
34.23938,129.8,118.6,179.94,3.57,1007.3,746.8,14,178.03
31.812422,129.9,128.62,175.46,7.79,1006.3,746.6,14,167.35
29.750889,13.61,172.37,156.76,4.14,1006.3,856.4,14,172.38
33.005215,50.05,173.53,164.77,6.47,1006.2,793.5,14,173.54
32.901794,75.4,167,164.03,7.91,1007.3,770.1,14,167
29.550941,93.37,159.9,172.34,9.73,1007.2,746.6,14,173.81
19.415644,0,125.18,166.61,9.88,1079,798.9,14,190.34
24.655663,0,95.69,191.84,5.33,948.9,857.2,14,250
29.59231,0,174.24,159.21,11.66,1043.6,771.9,14,213.5
24.283344,0,100.52,170.17,7.48,998,901.8,14,194.68
20.725649,0,118.27,192.94,5.75,1043.6,754.3,14,251.37
26.200089,0.02,143.57,163.81,0,1005.6,900.9,28,165
46.387947,128.5,132.1,175.06,8.08,1005.8,746.6,28,165
39.162235,129.8,118.6,179.94,3.57,1007.3,746.8,28,178.03
41.203087,129.9,128.62,175.46,7.79,1006.3,746.6,28,167.35
33.687798,13.61,172.37,156.76,4.14,1006.3,856.4,28,172.38
38.203865,50.05,173.53,164.77,6.47,1006.2,793.5,28,173.54
41.409927,75.4,167,164.03,7.91,1007.3,770.1,28,167
37.810863,93.37,159.9,172.34,9.73,1007.2,746.6,28,173.81
24.848715,0,125.18,166.61,9.88,1079,798.9,28,190.34
27.220512,0,95.69,191.84,5.33,948.9,857.2,28,250
44.636677,0,174.24,159.21,11.66,1043.6,771.9,28,213.5
37.26618,0,100.52,170.17,7.48,998,901.8,28,194.68
33.274113,0,118.27,192.94,5.75,1043.6,754.3,28,251.37
36.562912,0.02,143.57,163.81,0,1005.6,900.9,56,165
53.72397,128.5,132.1,175.06,8.08,1005.8,746.6,56,165
48.58737,129.8,118.6,179.94,3.57,1007.3,746.8,56,178.03
51.72449,129.9,128.62,175.46,7.79,1006.3,746.6,56,167.35
35.852753,13.61,172.37,156.76,4.14,1006.3,856.4,56,172.38
53.772232,50.05,173.53,164.77,6.47,1006.2,793.5,56,173.54
53.461967,75.4,167,164.03,7.91,1007.3,770.1,56,167
48.98727,93.37,159.9,172.34,9.73,1007.2,746.6,56,173.81
31.715897,0,125.18,166.61,9.88,1079,798.9,56,190.34
39.64487,0,95.69,191.84,5.33,948.9,857.2,56,250
51.255646,0,174.24,159.21,11.66,1043.6,771.9,56,213.5
43.388725,0,100.52,170.17,7.48,998,901.8,56,194.68
39.26566,0,118.27,192.94,5.75,1043.6,754.3,56,251.37
37.955654,0.02,143.57,163.81,0,1005.6,900.9,100,165
55.020184,128.5,132.1,175.06,8.08,1005.8,746.6,100,165
49.993904,129.8,118.6,179.94,3.57,1007.3,746.8,100,178.03
53.65502,129.9,128.62,175.46,7.79,1006.3,746.6,100,167.35
37.679863,13.61,172.37,156.76,4.14,1006.3,856.4,100,172.38
56.061295,50.05,173.53,164.77,6.47,1006.2,793.5,100,173.54
56.812824,75.4,167,164.03,7.91,1007.3,770.1,100,167
50.938488,93.37,159.9,172.34,9.73,1007.2,746.6,100,173.81
33.56369,0,125.18,166.61,9.88,1079,798.9,100,190.34
41.161716,0,95.69,191.84,5.33,948.9,857.2,100,250
52.958652,0,174.24,159.21,11.66,1043.6,771.9,100,213.5
44.27815,0,100.52,170.17,7.48,998,901.8,100,194.68
40.148186,0,118.27,192.94,5.75,1043.6,754.3,100,251.37
57.02656,24,79,162,11.61,967,712,28,446
44.42294,24,79,162,11.64,967,712,28,446
51.021225,24,79,162,11.64,967,712,28,446
53.386127,24,79,162,10.3,967,712,28,446
35.363224,24,79,162,11.61,967,712,3,446
25.021084,24,79,162,11.64,967,712,3,446
23.345657,24,79,162,11.64,967,712,3,446
52.007175,24,79,162,11.61,967,712,7,446
38.017708,24,79,162,11.64,967,712,7,446
39.300133,24,79,162,11.64,967,712,7,446
61.06689,24,79,162,11.61,967,712,56,446
56.14403,24,79,162,11.64,967,712,56,446
55.25461,24,79,162,11.64,967,712,56,446
54.76508,24,79,162,10.3,967,712,56,446
50.23522,20,94,157,14.32,938,845,28,387
46.68442,20,94,157,13.93,938,845,28,387
46.68442,20,94,157,11.61,938,845,28,387
22.752708,20,94,157,14.32,938,845,3,387
25.510612,20,94,157,13.93,938,845,3,387
34.770275,20,94,157,11.61,938,845,3,387
36.838703,20,94,157,14.32,938,845,7,387
45.89842,20,94,157,13.93,938,845,7,387
41.665035,20,94,157,11.61,938,845,7,387
56.337086,20,94,157,14.32,938,845,56,387
47.966846,20,94,157,13.93,938,845,56,387
61.459892,20,94,157,11.61,938,845,56,387
44.029938,19,97,145,13.13,967,871,28,355
55.454556,19,97,145,12.25,967,871,28,355
55.551083,26,123,210,3.93,882,699,28,491
57.915985,26,123,201,3.93,822,699,28,491
25.609108,26,123,210,3.93,882,699,3,491
33.488834,26,123,210,3.93,882,699,7,491
59.590427,26,123,210,3.93,882,699,56,491
29.548971,26,123,201,3.93,822,699,3,491
37.92118,26,123,201,3.93,822,699,7,491
61.855846,26,123,201,3.93,822,699,56,491
62.05284,22,132,178,8.48,822,750,28,424
32.011387,22,132,178,8.48,882,750,3,424
72.0985,22,132,168,8.92,822,750,28,424
39.004642,22,132,178,8.48,822,750,7,424
65.69721,22,132,178,8.48,822,750,56,424
32.109882,22,132,168,8.92,822,750,3,424
40.2851,22,132,168,8.92,822,750,7,424
74.364914,22,132,168,8.92,822,750,56,424
21.966705,11,141,206,1.72,942,801,28,202
9.849657,11,141,206,1.72,942,801,3,202
15.069976,11,141,206,1.72,942,801,7,202
23.245192,11,141,206,1.72,942,801,56,202
43.733463,15,141,179,5.46,842,801,28,284
13.395534,15,141,179,5.46,842,801,3,284
24.13166,15,141,179,5.46,842,801,7,284
44.52045,15,141,179,5.46,842,801,56,284
62.935368,19,141,154,10.91,942,801,28,359
59.494884,19,141,154,10.91,942,801,28,359
25.116625,19,141,154,10.91,942,801,3,359
23.639177,19,141,154,10.91,942,801,3,359
35.754257,19,141,154,10.91,942,801,7,359
38.610657,19,141,154,10.91,942,801,7,359
68.75061,19,141,154,10.91,942,801,56,359
66.78068,19,141,154,10.91,942,801,56,359
23.848974,0,0,218,0,838.4,719.7,28,436
32.06822,0,0,192,0,913.2,895.3,90,289
11.654902,0,0,192,0,913.2,895.3,3,289
19.199148,0,0,192,0,940.6,785.6,3,393
48.846615,0,0,192,0,940.6,785.6,90,393
39.60488,0,0,192,0,940.6,785.6,28,393
43.942375,0,0,192,0,936.2,712.2,28,480
34.569637,0,0,192,0,936.2,712.2,7,480
54.31554,0,0,192,0,936.2,712.2,90,480
24.404692,0,0,192,0,936.2,712.2,3,480
15.615942,0,0,192,0,931.2,842.6,3,333
21.859148,0,0,192,0,889.8,945,90,255
10.222171,0,0,192,0,889.8,945,7,255
14.596896,0,0,192,0,913.2,895.3,7,289
18.746162,0,0,192,0,889.8,945,28,255
31.966866,0,0,192,0,931.2,842.6,28,333
23.404953,0,0,192,0,931.2,842.6,7,333
25.573355,0,0,192,0,913.2,895.3,28,289
41.680202,0,0,192,0,931.2,842.6,90,333
27.742445,0,0,192,0,940.6,785.6,7,393
8.204075,0,0,192,0,889.8,945,3,255
9.6175,238.2,0,185.7,0,1040.6,734.3,7,158.8
25.42236,359.4,0,185.7,0,941.6,664.3,7,239.6
15.691094,158.8,0,185.7,0,1040.6,734.3,7,238.2
27.9355,272.8,0,185.7,0,1012.4,714.3,28,181.9
32.626694,290.2,0,185.7,0,998.2,704.3,28,193.5
17.23621,170.3,0,185.7,0,1026.6,724.3,7,255.5
19.76521,181.9,0,185.7,0,1012.4,714.3,7,272.8
39.43527,359.4,0,185.7,0,941.6,664.3,28,239.6
25.745033,147.2,0,185.7,0,1055,744.3,28,220.8
33.082436,0,0,185.7,0,1040.6,734.3,28,397
24.06547,0,0,185.7,0,1047.8,739.3,7,382.5
21.819847,316.1,0,185.7,0,977,689.3,7,210.7
21.06625,238.2,0,185.7,0,1040.6,734.3,28,158.8
14.843729,0,0,185.7,0,1091.4,769.3,7,295.8
32.05167,170.3,0,185.7,0,1026.6,724.3,28,255.5
11.957582,135.7,0,185.7,0,1076.2,759.3,7,203.5
25.44787,0,0,185.7,0,1040.6,734.3,7,397
22.489328,0,0,185.7,0,1104.6,784.3,28,381.4
25.216896,0,0,185.7,0,1091.4,769.3,28,295.8
39.699337,342.1,0,185.7,0,955.8,674.3,28,228
13.089012,147.2,0,185.7,0,1055,744.3,7,220.8
38.700287,210.7,0,185.7,0,977,689.3,28,316.1
7.5070148,203.5,0,185.7,0,1076.2,759.3,7,135.7
17.576122,0,0,185.7,0,1118.8,789.3,28,238.1
21.179323,0,0,185.7,0,1069.2,754.3,7,339.2
18.198719,203.5,0,185.7,0,1076.2,759.3,28,135.7
17.200357,290.2,0,185.7,0,998.2,704.3,7,193.5
22.629982,135.7,0,185.7,0,1076.2,759.3,28,203.5
21.859148,193.5,0,185.7,0,998.2,704.3,7,290.2
12.372647,272.8,0,185.7,0,1012.4,714.3,7,181.9
25.726418,155.5,0,185.7,0,1026.6,724.3,28,170.3
37.81362,316.1,0,185.7,0,977,689.3,28,210.7
21.917063,342.1,0,185.7,0,955.8,674.3,7,228
33.043137,193.5,0,185.7,0,998.2,704.3,28,290.2
14.541049,0,0,185.7,0,1104.6,784.3,7,381.4
26.913696,158.8,0,185.7,0,1040.6,734.3,28,238.2
7.995853,124.1,0,185.7,0,1083.4,764.3,7,186.2
31.899986,0,0,185.7,0,1069.2,754.3,28,339.2
10.335935,0,0,185.7,0,1118.8,789.3,7,238.1
19.76521,0,0,185.7,0,1111.6,784.3,28,252.5
37.43786,0,0,185.7,0,1047.8,739.3,28,382.5
11.483912,0,0,185.7,0,1111.6,784.3,7,252.5
24.437788,210.7,0,185.7,0,977,689.3,7,316.1
17.596806,124.1,0,185.7,0,1083.4,764.3,28,186.2
10.730315,155.5,0,185.7,0,1026.6,724.3,7,170.3
31.3815,181.9,0,185.7,0,1012.4,714.3,28,272.8
13.22415,0,0,197,0,968,781,3,339
20.966965,0,0,197,0,968,781,7,339
27.041248,0,0,197,0,968,781,14,339
32.03995,0,0,197,0,968,781,28,339
35.17017,0,0,197,0,968,781,90,339
36.4457,0,0,197,0,968,781,180,339
38.89334,0,0,197,0,968,781,365,339
6.4672847,0,0,194,0,968,885,3,236
12.838043,0,0,194,0,968,885,14,236
18.415903,0,0,194,0,968,885,28,236
21.94602,0,0,194,0,968,885,90,236
24.10408,0,0,193,0,968,885,180,236
25.083138,0,0,193,0,968,885,365,236
21.26344,0,0,191,0,968,856,14,277
25.965666,0,0,191,0,968,856,28,277
11.362564,0,0,191,0,968,856,3,277
31.253946,0,0,191,0,968,856,90,277
32.32953,0,0,191,0,968,856,180,277
33.701588,0,0,191,0,968,856,360,277
9.307926,0,0,198,0,968,863,3,254
26.944721,0,0,198,0,968,863,90,254
27.627304,0,0,198,0,968,863,180,254
29.785364,0,0,198,0,968,863,365,254
34.48759,0,0,193,0,968,812,180,307
36.149227,0,0,193,0,968,812,365,307
12.541569,0,0,193,0,968,812,3,307
27.530777,0,0,193,0,968,812,28,307
32.922478,0,0,193,0,968,812,90,307
9.990507,0,0,193,0,968,885,7,236
7.839342,0,0,180,0,1125,845,7,200
12.245093,0,0,180,0,1125,845,28,200
11.169511,0,0,181,0,1113,833,7,225
17.34032,0,0,181,0,1113,833,28,225
17.54027,0,0,184,0,1063,783,7,325
30.571365,0,0,184,0,1063,783,28,325
14.203206,0,0,183,0,1088,808,7,275
24.497082,0,0,183,0,1088,808,28,275
15.575263,0,0,184,0,1075,795,7,300
26.848196,0,0,184,0,1075,795,28,300
26.062193,0,0,186,0,1038,758,7,375
38.21076,0,0,186,0,1038,758,28,375
43.69899,0,0,187,0,1025,745,28,400
30.14389,0,0,187,0,1025,745,7,400
12.734622,0,0,182,0,1100,820,7,250
20.870438,0,0,182,0,1100,820,28,250
20.277489,0,0,186,0,1050,770,7,350
34.294537,0,0,186,0,1050,770,28,350
19.53906,305.3,0,203.5,0,963.4,630,7,203.5
47.714497,166.8,0,203.5,0,977.6,694.1,90,250.2
43.377003,236,0,192,0,935.4,781.2,90,157
29.892233,212,0,203.5,0,971.8,748.5,28,141.3
6.902344,250.2,0,203.5,0,975.6,692.6,3,166.8
33.192062,183.9,0,203.5,0,958.2,800.1,90,122.6
4.9035535,122.6,0,203.5,0,959.2,800,3,183.9
4.5650206,153,0,192,0,887,942,3,102
25.46097,153,0,192,0,887,942,90,102
24.29093,183.9,0,203.5,0,958.2,800.1,28,122.6
33.94773,250.2,0,203.5,0,975.6,692.6,28,166.8
11.414275,133,0,192,0,965.4,806.2,3,200
20.593958,162.4,0,203.5,0,938.2,849,28,108.3
25.89396,203.5,0,203.5,0,965.4,631,7,305.3
29.231714,162.4,0,203.5,0,938.2,849,90,108.3
31.023663,173,0,192,0,909.8,891.9,90,116
10.39385,212,0,203.5,0,971.8,748.5,7,141.3
33.664356,236,0,192,0,935.4,781.2,28,157
27.874825,200,0,192,0,927.4,839.2,28,133
19.350143,166.8,0,203.5,0,977.6,694.1,7,250.2
11.392212,116,0,192,0,946.8,856.8,7,173
12.788401,288,0,192,0,929.8,716.1,3,192
39.321507,288,0,192,0,929.8,716.1,28,192
4.7822056,102,0,192,0,888,943.1,3,153
16.109606,192,0,192,0,932,717.8,3,288
43.377003,203.5,0,203.5,0,965.4,631,28,305.3
20.416075,157,0,192,0,972.6,749.1,7,236
6.9409547,116,0,192,0,946.8,856.8,3,173
15.030577,141.3,0,203.5,0,973.4,750,7,212
13.56544,157,0,192,0,972.6,749.1,3,236
32.532925,122.6,0,203.5,0,959.2,800,90,183.9
15.748322,250.2,0,203.5,0,975.6,692.6,7,166.8
7.675936,153,0,192,0,887,942,7,102
38.804398,192,0,192,0,932,717.8,28,288
33.003838,141.3,0,203.5,0,973.4,750,28,212
17.27551,153,0,192,0,887,942,28,102
24.281965,116,0,192,0,946.8,856.8,28,173
24.046165,122.6,0,203.5,0,959.2,800,28,183.9
36.588425,200,0,192,0,927.4,839.2,90,133
50.732334,288,0,192,0,929.8,716.1,90,192
13.664036,200,0,192,0,927.4,839.2,7,133
14.14391,203.5,0,203.5,0,965.4,631,3,305.3
47.782066,157,0,192,0,972.6,749.1,90,236
2.3318079,162.4,0,203.5,0,938.2,849,3,108.3
16.889404,236,0,192,0,935.4,781.2,7,157
23.523542,192,0,192,0,932,717.8,7,288
6.8085756,141.3,0,203.5,0,973.4,750,3,212
39.700027,141.3,0,203.5,0,973.4,750,90,212
17.964296,102,0,192,0,888,943.1,28,153
32.88456,157,0,192,0,972.6,749.1,28,236
22.347986,173,0,192,0,909.8,891.9,28,116
10.787541,122.6,0,203.5,0,959.2,800,7,183.9
7.7235103,162.4,0,203.5,0,938.2,849,7,108.3
41.68434,305.3,0,203.5,0,963.4,630,28,203.5
9.561653,305.3,0,203.5,0,963.4,630,3,203.5
6.8837285,200,0,192,0,927.4,839.2,3,133
50.52687,192,0,192,0,932,717.8,90,288
17.165884,133,0,192,0,965.4,806.2,7,200
30.439676,133,0,192,0,965.4,806.2,28,200
9.731264,166.8,0,203.5,0,977.6,694.1,3,250.2
3.3198268,183.9,0,203.5,0,958.2,800.1,3,122.6
26.322815,102,0,192,0,888,943.1,90,153
43.250828,133,0,192,0,965.4,806.2,90,200
6.280437,173,0,192,0,909.8,891.9,3,116
32.10269,116,0,192,0,946.8,856.8,90,173
36.964188,166.8,0,203.5,0,977.6,694.1,28,250.2
54.598915,203.5,0,203.5,0,965.4,631,90,305.3
21.480625,288,0,192,0,929.8,716.1,7,192
9.694722,236,0,192,0,935.4,781.2,3,157
8.374375,102,0,192,0,888,943.1,7,153
39.662106,212,0,203.5,0,971.8,748.5,90,141.3
10.089792,173,0,192,0,909.8,891.9,7,116
4.827711,212,0,203.5,0,971.8,748.5,3,141.3
10.35455,183.9,0,203.5,0,958.2,800.1,7,122.6
43.56523,250.2,0,203.5,0,975.6,692.6,90,166.8
51.86376,305.3,0,203.5,0,963.4,630,90,203.5
11.852093,0,0,192,0,1012,830,3,310
17.243795,0,0,192,0,1012,830,7,310
27.827251,0,0,192,0,1012,830,28,310
35.76312,0,0,192,0,1012,830,90,310
38.700287,0,0,192,0,1012,830,120,310
14.306627,0,0,192,0,1025,821,3,331
17.436848,0,0,192,0,1025,821,7,331
31.743475,0,0,192,0,1025,821,28,331
37.914284,0,0,192,0,1025,821,90,331
39.38287,0,0,192,0,1025,821,120,331
15.8717375,0,0,192,0,1056,809,3,349
9.011452,0,0,192,0,1056,809,7,349
33.60506,0,0,192,0,1056,809,28,349
40.6584,0,0,192,0,1056,809,90,349
40.85835,0,0,192,0,1056,809,120,349
12.05204,0,0,186,0,1119,789,7,238
17.54027,0,0,186,0,1119,789,28,238
18.912327,0,0,186,0,1090,769,7,296
25.179663,0,0,186,0,1090,769,28,296
30.957472,0,0,186,0,1040,734,7,297
43.89204,0,0,192,0,936,721,28,480
54.27555,0,0,192,0,936,721,90,480
36.93523,0,0,186,0,1040,734,28,397
14.4996805,0,0,186,0,1104,774,7,281
22.435549,0,0,185,0,1104,774,28,281
12.638095,0,0,200,0,1125,613,1,500
26.062193,0,0,200,0,1125,613,3,500
33.21206,0,0,200,0,1125,613,7,500
36.93523,0,0,200,0,1125,613,14,500
44.09199,0,0,200,0,1125,613,28,500
52.613914,0,0,173,0,1125,613,7,540
59.76378,0,0,173,0,1125,613,14,540
67.30665,0,0,173,0,1125,613,28,540
69.65776,0,0,173,0,1125,613,90,540
71.622765,0,0,173,0,1125,613,180,540
74.16693,0,0,173,0,1125,613,270,540
18.126324,0,0,203,0,974,775,7,350
22.532076,0,0,203,0,974,775,14,350
27.337723,0,0,203,0,974,775,28,350
29.978416,0,0,203,0,974,775,56,350
31.350473,0,0,203,0,974,775,90,350
32.72253,0,0,203,0,974,775,180,350
6.267337,0,0,186,0,966,763,1,385
14.699628,0,0,186,0,966,763,3,385
23.221552,0,0,186,0,966,763,7,385
27.923779,0,0,186,0,966,763,14,385
31.350473,0,0,186,0,966,763,28,385
38.99676,0,0,192,0,978,825,180,331
41.244453,0,0,192,0,978,825,360,331
14.989208,0,0,192,0,1047,806,3,349
13.520624,0,0,192,0,978,825,3,331
24.00066,0,0,186,0,1047,739,7,382
37.42476,0,0,186,0,1047,739,28,382
11.465986,0,0,186,0,1111,784,7,382
22.435549,0,0,186,0,1104,774,28,281
21.160019,0,0,185,0,1069,754,7,339
31.840002,0,0,185,0,1069,754,28,339
14.796155,0,0,185,0,1069,769,7,295
25.179663,0,0,185,0,1069,769,28,295
17.54027,0,0,185,0,1118,789,28,238
14.203206,0,0,192,0,1085,765,7,296
21.649546,0,0,192,0,1085,765,28,296
29.392363,0,0,192,0,1085,765,90,296
13.520624,0,0,192,0,879,825,3,331
16.264738,0,0,192,0,978,825,7,331
31.447,0,0,192,0,978,825,28,331
37.231705,0,0,192,0,978,825,90,331
18.126324,0,0,192,0,1047,806,7,349
32.72253,0,0,192,0,1047,806,28,349
39.48629,0,0,192,0,1047,806,90,349
41.0514,0,0,192,0,1047,806,180,349
42.126984,0,0,192,0,1047,806,360,349
18.126324,0,0,203,0,974,817,14,302
26.744774,0,0,203,0,974,817,180,302
61.92184,0,0,189,0,1125,613,180,525
47.22221,0,0,200,0,1125,613,90,500
51.04191,0,0,200,0,1125,613,180,500
55.15808,0,0,200,0,1125,613,270,500
41.637455,0,0,173,0,1125,613,3,540
13.713677,0,0,185,0,1111,784,7,252
19.691435,0,0,185,0,1111,784,28,252
31.646948,0,0,185,0,1060,754,28,339
19.10538,0,0,192,0,940,758,3,393
39.582817,0,0,192,0,940,758,28,393
48.794216,0,0,192,0,940,758,90,393
24.00066,0,0,185,0,1047,739,7,382
37.42476,0,0,185,0,1047,739,28,382
11.465986,0,0,186,0,1111,784,7,252
19.691435,0,0,185,0,1111,784,28,252
14.989208,0,0,192,0,970,850,7,310
27.923779,0,0,192,0,970,850,28,310
34.68064,0,0,192,0,970,850,90,310
37.32823,0,0,192,0,970,850,180,310
38.114235,0,0,192,0,970,850,360,310
33.798115,0,0,189,0,1125,613,3,525
42.42346,0,0,189,0,1125,613,7,525
48.401215,0,0,189,0,1125,613,14,525
55.944084,0,0,189,0,1125,613,28,525
58.784725,0,0,189,0,1125,613,90,525
67.113594,0,0,189,0,1125,613,270,525
20.773912,0,0,203,0,974,800,14,322
25.179663,0,0,203,0,974,800,28,322
29.585415,0,0,203,0,974,800,180,322
21.752968,0,0,203,0,974,817,28,302
39.09329,0,0,185,0,1040,734,28,397
24.393661,0,0,192,0,936,721,3,480
50.511013,0,0,146,0,896,896,7,522
74.98741,0,0,146,0,896,896,28,522
37.16965,105,82,210,9,904,680,28,273
33.756744,190,148,179,19,838,741,28,162
16.49916,144,112,220,10,923,658,28,154
19.98791,115,89,202,9,860,829,28,147
36.349174,178,139,168,18,944,695,28,152
33.687798,143,111,168,22,914,651,28,310
15.416683,0,175,158,18,943,844,28,144
33.418903,140,0,214,6,895,722,28,304
39.05192,0,0,190,7,1013,730,28,374
27.675566,149,116,175,15,953,720,28,159
26.855091,239,0,200,6,1002,684,28,153
45.298573,143,0,168,10,914,804,28,310
30.123207,0,100,196,10,959,705,28,305
15.568368,0,184,167,12,991,772,28,151
44.609097,167,130,174,11,883,785,28,142
53.52402,137,107,201,6,878,655,28,298
57.21272,164,0,190,5,870,774,28,321
65.90701,187,0,191,7,824,757,28,366
52.820755,129,100,172,9,825,805,28,280
33.398216,97,76,194,8,835,821,28,252
18.029797,0,150,182,12,1023,729,28,165
37.362705,243,0,180,11,1022,698,28,156
32.83974,188,146,203,11,829,710,28,160
42.637196,0,107,186,6,879,815,28,298
40.058556,0,126,210,6,861,737,28,318
41.940826,121,94,188,9,904,696,28,287
61.232365,166,0,174,9,882,790,28,326
40.865242,0,142,193,11,801,778,28,356
33.30169,207,161,179,5,867,736,28,132
52.42086,149,0,186,8,951,709,28,322
15.085735,0,200,181,13,849,846,28,164
38.458973,0,113,170,10,925,783,28,314
37.25928,0,128,182,11,870,780,28,321
35.22533,164,128,237,6,869,656,28,140
42.133877,121,0,177,7,908,829,28,288
31.874475,0,107,210,11,880,744,28,298
41.540928,111,86,195,6,833,790,28,265
39.451817,250,0,168,12,1049,688,28,160
37.914284,260,0,183,13,859,827,28,166
44.27815,116,90,180,9,870,768,28,276
31.178104,0,116,196,10,818,813,28,322
23.690395,139,109,193,6,892,780,28,149
32.7639,187,0,176,11,990,789,28,159
32.398476,100,78,201,9,864,761,28,261
28.627043,92,71,247,6,853,695,28,237
36.80423,0,113,178,8,1002,689,28,313
18.284903,183,0,193,9,1047,697,28,155
33.060375,230,0,202,3,827,872,28,146
31.419422,0,107,221,11,819,778,28,296
31.02642,210,0,196,3,949,795,28,133
44.388466,145,0,178,8,867,824,28,313
12.1761465,0,112,184,8,992,816,28,152
25.558876,145,113,178,8,1002,689,28,153
36.43881,133,103,200,7,916,753,28,140
32.95695,236,0,176,13,847,893,28,149
23.835186,0,120,212,10,878,728,28,300
26.227667,145,113,178,8,867,824,28,153
17.953955,0,137,158,16,1002,830,28,148
40.679085,0,138,199,11,801,792,28,326
19.008854,145,0,178,8,1000,822,28,153
33.715378,111,86,195,5,895,733,28,262
8.535713,0,195,220,11,898,713,28,158
13.458571,0,185,167,16,1074,678,28,151
32.2399,0,90,199,11,931,762,28,273
23.518026,118,92,183,7,953,780,28,149
29.72331,169,143,191,8,967,643,28,143
49.773273,101,78,171,10,936,763,28,260
52.441544,161,0,178,10,917,759,28,313
40.93419,120,0,168,7,970,794,28,284
44.864204,0,0,182,3,986,817,28,336
13.19657,0,134,181,11,979,812,28,145
37.431652,237,0,174,12,1069,675,28,150
29.868101,170,133,192,8,814,805,28,144
56.612873,170,0,195,8,811,802,28,331
12.458832,0,143,193,9,1047,697,28,155
23.786922,183,0,193,9,877,868,28,155
13.2930975,0,166,180,10,961,805,28,135
39.417343,112,87,178,10,910,745,28,266
46.229366,145,113,179,8,869,690,28,314
44.519466,145,0,127,8,1000,822,28,313
23.738659,173,0,182,3,986,817,28,146
26.14493,136,106,178,7,941,774,28,144
15.520104,0,182,181,15,839,884,28,148
43.574883,117,91,191,7,946,666,28,277
35.859646,0,107,164,13,953,784,28,298
41.0514,145,0,178,8,1002,689,28,313
28.98557,184,143,194,9,880,699,28,155
46.243156,134,0,195,6,924,760,28,289
26.917143,175,0,171,2,1000,828,28,148
10.535193,0,179,202,8,824,869,28,145
25.096926,0,0,178,8,1000,822,28,313
29.068308,162,126,172,10,923,764,28,136
9.735401,0,143,193,9,877,868,28,155
33.798115,99,77,189,6,919,749,28,255
39.84482,207,172,216,10,822,638,28,162
26.965406,196,98,199,6,847,783,28,136
27.234303,163,128,197,8,961,641,28,164
30.647207,214,164,202,10,820,680,28,162
33.05348,214,152,200,9,819,704,28,157
24.579819,153,194,192,8,935,623,28,149
21.911547,105,193,196,6,965,643,28,135
30.88163,209,161,201,7,848,669,28,159
15.340841,15,195,176,6,1021,709,28,144
24.338503,174,185,228,7,845,612,28,154
23.890343,187,195,185,7,898,636,28,167
22.931973,86,190,213,6,923,623,28,184
29.413046,178,187,221,7,854,614,28,156
28.6298,91.7,71.5,246.9,6,852.9,695.4,28,236.9
36.80492,0,113,178.5,8,1001.9,688.7,28,313.3
18.28766,183.4,0,193.3,9.1,1047.4,696.7,28,154.8
32.720463,230.5,0,202.5,3.4,827,871.8,28,145.9
31.42011,0,106.7,221.4,10.5,819.2,778.4,28,296
28.937998,210.2,0,195.7,3.1,949.4,795.3,28,133.1
40.92523,145,0,178.5,8,867.2,824,28,313.3
12.180972,0,111.9,184.4,7.9,992,815.9,28,151.6
25.559565,145,113,178.5,8,1001.9,688.7,28,153.1
36.443634,132.6,103.3,200.3,7.4,916,753.4,28,139.9
32.96385,236,0,175.8,12.6,846.8,892.7,28,149.5
23.835875,0,119.8,211.5,9.9,878.2,727.6,28,299.8
26.233183,145,113,178.5,8,867.2,824,28,153.1
17.95947,0,136.6,158.1,16.1,1001.8,830.1,28,148.1
38.63065,0,137.9,199,10.8,801.1,792.5,28,326.5
19.009542,144.7,0,178.1,8,999.7,822.2,28,152.7
33.718822,110.5,86.1,195.4,5,895.2,732.6,28,261.9
8.536403,0,194.9,219.7,11,897.7,712.9,28,158.4
13.461329,0,185.3,166.7,15.6,1074.5,678,28,150.7
32.245415,0,89.6,198.7,10.6,931.3,762.2,28,272.6
23.524231,117.6,91.7,182.9,7.1,953.4,780.3,28,149
29.726068,169.4,142.7,190.7,8.4,967.4,643.5,28,143
49.773273,100.6,78.4,170.6,10.4,935.7,762.9,28,259.9
52.44637,160.5,0,177.6,9.6,916.6,759.5,28,312.9
40.93488,119.7,0,168.3,7.2,970.4,794.2,28,284
44.86834,0,0,181.9,3.4,985.8,816.8,28,336.5
13.202086,0,133.6,180.8,11.1,979.5,811.5,28,144.8
37.431652,236.8,0,173.8,11.9,1069.3,674.8,28,150
29.87086,170.2,132.6,191.6,8.5,814.1,805.3,28,143.7
56.61908,169.6,0,194.9,8.1,811,802.3,28,330.5
12.45952,0,142.8,193.3,9.1,1047.4,696.7,28,154.8
23.786922,183.4,0,193.3,9.1,877.2,867.7,28,154.8
13.293787,0,165.7,180.2,10,961,804.9,28,134.7
39.42148,112.3,87.5,177.9,10.4,909.7,744.5,28,266.2
46.23419,145.3,113.2,178.9,8,869.1,690.2,28,314
44.5236,144.7,0,127.3,8,999.7,822.2,28,312.7
23.744175,172.6,0,181.9,3.4,985.8,816.8,28,145.7
26.147688,136.3,106.2,178.1,7.5,941.5,774.3,28,143.8
15.52631,0,182.1,181.4,15,838.9,884.3,28,148.1
43.57833,116.8,91,190.6,7,946.5,665.6,28,277
35.865852,0,107.5,163.6,12.8,953.2,784,28,298.1
41.05347,145,0,178.5,8,1001.9,688.7,28,313.3
28.991087,183.9,143.2,193.8,9.2,879.6,698.5,28,155.2
46.24729,133.7,0,194.9,5.5,924.1,760.1,28,289
26.922659,175.1,0,171.2,2.2,1000,828.5,28,147.8
10.535883,0,178.9,201.7,7.8,824,868.7,28,145.4
25.10382,0,0,178.1,8,999.7,822.2,28,312.7
29.073135,161.6,125.8,171.6,10.4,922.6,764.4,28,136.4
9.738159,0,142.8,193.3,9.1,877.2,867.7,28,154.8
33.7988,98.8,77,188.6,6.5,919,749.3,28,255.3
37.171032,105.1,81.8,209.7,9,904,679.7,28,272.8
33.76226,190.1,148.1,178.8,18.8,838.1,741.4,28,162
16.503986,144.2,112.3,220.1,10.1,923.2,657.9,28,153.6
19.98791,114.6,89.3,201.9,8.8,860,829.5,28,146.5
36.349865,178.1,138.7,167.5,18.3,944,694.6,28,151.8
38.215588,142.8,111.2,167.8,22.1,913.9,651.2,28,309.9
15.423578,0,174.9,158.4,17.9,942.7,844.5,28,143.6
33.41959,139.9,0,213.5,6.2,895.5,722.5,28,303.6
39.056057,0,0,190.2,6.7,1013.2,730.4,28,374.3
27.681082,148.9,116,175.1,15,953.3,719.7,28,158.6
26.859917,238.7,0,200,6.3,1001.8,683.9,28,152.6
45.30478,142.8,0,167.9,10,914.3,804,28,310
30.123207,0,99.6,196,9.8,959.4,705.2,28,304.8
15.569747,0,183.9,166.6,11.6,991.2,772.2,28,150.9
44.611855,166.6,129.7,173.5,10.9,882.6,785.3,28,141.9
53.52471,137.2,106.9,201.3,6,878.4,655.3,28,297.8
57.218235,164.2,0,190.5,4.6,870,774,28,321.3
65.90908,187,0,191.3,6.6,824.3,756.9,28,366
52.82696,128.9,100.4,172.4,9.5,825.1,804.9,28,279.8
33.399597,97.1,75.6,193.8,8.3,835.5,821.4,28,252.1
18.033934,0,150.4,181.6,11.7,1023.3,728.9,28,164.6
37.363396,243.5,0,180.3,10.7,1022,697.7,28,155.6
35.31427,188,146.4,203.2,11.3,828.7,709.7,28,160.2
42.64409,0,107,186.4,6.1,879,815.2,28,298.1
40.062004,0,126.5,209.7,5.7,860.5,736.6,28,317.9
43.798275,120.5,93.9,187.6,9.2,904.4,695.9,28,287.3
61.23581,166.4,0,174,8.9,881.6,790,28,325.6
40.86869,0,141.6,193.3,11,801.4,778.4,28,355.9
33.30652,206.5,160.9,178.9,5.5,866.9,735.6,28,132
52.426376,148.6,0,185.8,8.5,951,709.5,28,322.5
15.09125,0,200.1,181.2,12.6,849.3,846,28,164.2
38.46104,0,112.6,169.9,10.1,925.3,782.9,28,313.8
37.265488,0,127.9,182.5,11.5,870.1,779.7,28,321.4
35.22533,163.9,127.7,236.7,5.8,868.6,655.6,28,139.7
42.140083,121,0,177.4,7,907.9,829.5,28,288.4
31.875164,0,107,209.7,11.1,879.6,744.2,28,298.2
41.54231,111,86.5,195.5,5.9,832.6,790.4,28,264.5
39.45595,250,0,168.4,12.2,1049.3,688.2,28,159.8
37.91704,259.7,0,183.2,12.7,858.8,826.8,28,166
44.284355,116,90.3,179.6,8.9,870.1,768.3,28,276.4
31.178795,0,115.6,196,10.4,817.9,813.4,28,322.2
23.6966,139.4,108.6,192.7,6.1,892.4,780,28,148.5
32.768036,186.7,0,175.6,11.3,989.6,788.9,28,159.1
32.401234,100.5,78.3,200.6,8.6,864.5,761.5,28,260.9