CompressiveStrength,BlastFurnaceSlag,FlyAsh,Water,Superplasticizer,CoarseAggregate,FineAggregate,Age,Cement,TotalCost,CO2Emissions,EmbodiedEnergy,Density,WorkabilityIndex,DurabilityRating,WaterCementRatio
79.986115,0,0,162,2.5,1040,676,28,540,113.83,457.81,2672.62,2467.4,3.23,2,0.300
61.887367,0,0,162,2.5,1055,676,28,540,114.09,457.88,2673.82,2468.5,3.23,2,0.300
40.269535,142.5,0,228,0,932,594,270,332.5,84.35,290.44,1706.67,2325.4,5.11,2,0.511
41.052780,142.5,0,228,0,932,594,365,332.5,84.35,290.44,1706.67,2325.4,5.11,2,0.511
44.296074,132.4,0,192,0,978.4,825.5,360,198.6,70.73,182.68,1114.49,2371.0,6.31,3,0.631
47.029846,114,0,228,0,932,670,90,266,74.78,235.25,1399.82,2311.0,6.38,3,0.638
43.698300,95,0,228,0,932,594,365,380,87.63,327.02,1910.92,2328.6,5.00,2,0.500
36.447770,95,0,228,0,932,594,28,380,87.63,327.02,1910.92,2328.6,5.00,2,0.500
45.854290,114,0,228,0,932,670,28,266,74.78,235.25,1399.82,2311.0,6.38,3,0.638
39.289790,0,0,228,0,932,594,28,475,94.18,400.17,2319.42,2334.9,4.80,2,0.480
38.074245,132.4,0,192,0,978.4,825.5,90,198.6,70.73,182.68,1114.49,2371.0,6.31,3,0.631
28.021683,132.4,0,192,0,978.4,825.5,28,198.6,70.73,182.68,1114.49,2371.0,6.31,3,0.631
43.012960,47.5,0,228,0,932,594,270,427.5,90.91,363.59,2115.17,2331.7,4.90,2,0.490
42.326930,190,0,228,0,932,670,90,190,69.54,176.73,1073.02,2306.0,6.67,4,0.667
47.813780,76,0,228,0,932,670,28,304,77.40,264.51,1563.22,2313.5,6.25,3,0.625
52.908320,0,0,228,0,932,670,90,380,82.65,323.03,1890.02,2318.6,6.00,3,0.600
39.358047,209.4,0,192,0,1047,806.9,90,139.6,68.70,138.30,869.81,2375.6,6.25,3,0.625
56.141964,38,0,228,0,932,670,365,342,80.03,293.77,1726.62,2316.1,6.12,3,0.612
40.563250,95,0,228,0,932,594,90,380,87.63,327.02,1910.92,2328.6,5.00,2,0.500
42.620647,0,0,228,0,932,594,180,475,94.18,400.17,2319.42,2334.9,4.80,2,0.480
41.836716,47.5,0,228,0,932,594,180,427.5,90.91,363.59,2115.17,2331.7,4.90,2,0.490
28.237490,209.4,0,192,0,1047,806.9,28,139.6,68.70,138.30,869.81,2375.6,6.25,3,0.625
8.063422,209.4,0,192,0,1047,806.9,3,139.6,68.70,138.30,869.81,2375.6,6.25,3,0.625
44.207820,209.4,0,192,0,1047,806.9,180,139.6,68.70,138.30,869.81,2375.6,6.25,3,0.625
52.516697,0,0,228,0,932,670,365,380,82.65,323.03,1890.02,2318.6,6.00,3,0.600
53.300632,0,0,228,0,932,670,270,380,82.65,323.03,1890.02,2318.6,6.00,3,0.600
41.151375,95,0,228,0,932,594,270,380,87.63,327.02,1910.92,2328.6,5.00,2,0.500
52.124386,38,0,228,0,932,670,180,342,80.03,293.77,1726.62,2316.1,6.12,3,0.612
37.427517,47.5,0,228,0,932,594,28,427.5,90.91,363.59,2115.17,2331.7,4.90,2,0.490
38.603760,0,0,228,0,932,594,7,475,94.18,400.17,2319.42,2334.9,4.80,2,0.480
55.260124,76,0,228,0,932,670,365,304,77.40,264.51,1563.22,2313.5,6.25,3,0.625
52.908320,114,0,228,0,932,670,365,266,74.78,235.25,1399.82,2311.0,6.38,3,0.638
41.719500,132.4,0,192,0,978.4,825.5,180,198.6,70.73,182.68,1114.49,2371.0,6.31,3,0.631
42.131120,0,0,228,0,932,594,270,475,94.18,400.17,2319.42,2334.9,4.80,2,0.480
53.692253,190,0,228,0,932,670,365,190,69.54,176.73,1073.02,2306.0,6.67,4,0.667
38.407950,237.5,0,228,0,932,594,270,237.5,77.80,217.29,1298.17,2319.1,5.33,2,0.533
30.079770,237.5,0,228,0,932,594,28,237.5,77.80,217.29,1298.17,2319.1,5.33,2,0.533
37.721920,142.5,0,228,0,932,594,90,332.5,84.35,290.44,1706.67,2325.4,5.11,2,0.511
42.229027,0,0,228,0,932,594,90,475,94.18,400.17,2319.42,2334.9,4.80,2,0.480
36.251957,237.5,0,228,0,932,594,180,237.5,77.80,217.29,1298.17,2319.1,5.33,2,0.533
50.459300,38,0,228,0,932,670,90,342,80.03,293.77,1726.62,2316.1,6.12,3,0.612
43.698300,47.5,0,228,0,932,594,365,427.5,90.91,363.59,2115.17,2331.7,4.90,2,0.490
38.995384,237.5,0,228,0,932,594,365,237.5,77.80,217.29,1298.17,2319.1,5.33,2,0.533
53.104130,0,0,228,0,932,670,180,380,82.65,323.03,1890.02,2318.6,6.00,3,0.600
41.543000,47.5,0,228,0,932,594,90,427.5,90.91,363.59,2115.17,2331.7,4.90,2,0.490
35.076400,47.5,0,228,0,932,594,7,427.5,90.91,363.59,2115.17,2331.7,4.90,2,0.490
15.049192,0,0,192,0,1047,806.9,3,349,83.15,299.54,1770.23,2389.2,5.50,3,0.550
40.759064,95,0,228,0,932,594,180,380,87.63,327.02,1910.92,2328.6,5.00,2,0.500
26.258003,237.5,0,228,0,932,594,7,237.5,77.80,217.29,1298.17,2319.1,5.33,2,0.533
32.823193,95,0,228,0,932,594,7,380,87.63,327.02,1910.92,2328.6,5.00,2,0.500
39.779316,142.5,0,228,0,932,594,180,332.5,84.35,290.44,1706.67,2325.4,5.11,2,0.511
46.931942,190,0,228,0,932,670,180,190,69.54,176.73,1073.02,2306.0,6.67,4,0.667
33.116913,237.5,0,228,0,932,594,90,237.5,77.80,217.29,1298.17,2319.1,5.33,2,0.533
49.185150,76,0,228,0,932,670,90,304,77.40,264.51,1563.22,2313.5,6.25,3,0.625
14.589313,209.4,0,192,0,1047,806.9,7,139.6,68.70,138.30,869.81,2375.6,6.25,3,0.625
14.638265,132.4,0,192,0,978.4,825.5,7,198.6,70.73,182.68,1114.49,2371.0,6.31,3,0.631
41.934620,0,0,228,0,932,594,365,475,94.18,400.17,2319.42,2334.9,4.80,2,0.480
9.131420,132.4,0,192,0,978.4,825.5,3,198.6,70.73,182.68,1114.49,2371.0,6.31,3,0.631
50.948830,76,0,228,0,932,670,180,304,77.40,264.51,1563.22,2313.5,6.25,3,0.625
33.019005,142.5,0,228,0,932,594,28,332.5,84.35,290.44,1706.67,2325.4,5.11,2,0.511
54.378284,76,0,228,0,932,670,270,304,77.40,264.51,1563.22,2313.5,6.25,3,0.625
51.732760,114,0,228,0,932,670,270,266,74.78,235.25,1399.82,2311.0,6.38,3,0.638
9.866402,0,0,192,0,971,850.6,3,310,77.36,267.62,1589.12,2376.3,6.19,3,0.619
50.655113,190,0,228,0,932,670,270,190,69.54,176.73,1073.02,2306.0,6.67,4,0.667
48.695620,114,0,228,0,932,670,180,266,74.78,235.25,1399.82,2311.0,6.38,3,0.638
55.064312,38,0,228,0,932,670,270,342,80.03,293.77,1726.62,2316.1,6.12,3,0.612
44.698040,209.4,0,192,0,1047,806.9,360,139.6,68.70,138.30,869.81,2375.6,6.25,3,0.625
30.275581,142.5,0,228,0,932,594,7,332.5,84.35,290.44,1706.67,2325.4,5.11,2,0.511
40.856968,190,0,228,0,932,670,28,190,69.54,176.73,1073.02,2306.0,6.67,4,0.667
71.988190,0,0,146,0,1120,800,28,485,102.98,411.34,2400.89,2490.0,3.01,2,0.301
34.397957,189.2,0,170.1,10.1,926.1,756.7,3,374,125.54,340.51,2078.76,2453.0,4.13,0,0.324
28.799412,262.2,0,175.5,8.6,1046.9,611.8,3,313.3,116.98,291.74,1794.12,2439.5,4.10,0,0.336
33.398216,106.3,0,153.5,16.5,852.1,887.1,3,425,146.66,386.79,2391.58,2486.8,4.56,1,0.301
36.300910,106.3,0,151.4,18.6,936,803.7,3,425,152.42,388.90,2421.44,2492.2,4.72,1,0.297
28.999361,93.8,0,126.6,23.4,852.1,992.6,3,375,160.89,354.49,2271.82,2529.0,4.81,1,0.281
37.797073,118.8,0,181.1,8.9,852.1,781.5,3,475,130.42,418.25,2500.82,2443.5,3.93,1,0.318
40.196450,117.2,0,137.8,32.2,852.1,840.5,3,469,197.64,441.79,2828.05,2535.5,4.45,2,0.245
33.398216,106.3,0,153.5,16.5,852.1,887.1,3,425,146.66,386.79,2391.58,2486.8,4.56,1,0.301
28.096148,97.1,0,157.9,12.1,852.1,925.7,3,388.6,129.16,351.59,2159.24,2469.0,4.63,2,0.339
41.299614,0,0,141.8,28.2,852.1,893.7,3,531.3,187.76,482.75,3024.80,2524.7,4.67,2,0.267
33.398216,106.3,0,153.5,16.5,852.1,887.1,3,425,146.66,386.79,2391.58,2486.8,4.56,1,0.301
25.200348,212.5,0,155.7,14.3,852.1,880.4,3,318.8,132.87,302.31,1901.25,2473.5,4.53,0,0.319
41.099663,94.7,0,147.4,11.4,946.8,852.1,3,401.8,128.90,361.19,2208.94,2487.9,4.23,2,0.309
35.301170,189,0,164.9,11.6,944.7,755.8,3,362.6,128.56,333.03,2050.15,2460.9,4.26,0,0.321
28.296095,282.8,0,183.8,10.3,942.7,659.9,3,323.7,123.93,303.30,1870.13,2430.3,4.19,0,0.334
28.599464,151.2,0,153.9,15.9,1134.3,605,3,379.5,140.78,349.60,2181.11,2482.4,4.57,1,0.308
35.301170,189,0,164.9,11.6,944.7,755.8,3,362.6,128.56,333.03,2050.15,2460.9,4.26,0,0.321
24.400557,200.9,0,144.7,11.2,1004.6,803.7,3,286.3,119.70,271.35,1706.28,2483.1,4.39,0,0.324
35.301170,189,0,164.9,11.6,944.7,755.8,3,362.6,128.56,333.03,2050.15,2460.9,4.26,0,0.321
39.300133,177,0,186,11.1,884.9,707.9,3,439,134.84,393.71,2380.95,2436.5,4.10,1,0.320
40.596348,189,0,145.9,22,944.7,755.8,3,389.9,162.21,367.89,2331.69,2506.1,4.60,0,0.270
35.301170,189,0,164.9,11.6,944.7,755.8,3,362.6,128.56,333.03,2050.15,2460.9,4.26,0,0.321
24.097187,189,0,174.9,9.5,944.7,755.8,3,337.9,119.13,310.26,1905.05,2438.5,4.48,1,0.358
46.201786,189.2,0,170.1,10.1,926.1,756.7,7,374,125.54,340.51,2078.76,2453.0,4.13,0,0.324
42.795776,262.2,0,175.5,8.6,1046.9,611.8,7,313.3,116.98,291.74,1794.12,2439.5,4.10,0,0.336
49.201008,106.3,0,153.5,16.5,852.1,887.1,7,425,146.66,386.79,2391.58,2486.8,4.56,1,0.301
46.801632,106.3,0,151.4,18.6,936,803.7,7,425,152.42,388.90,2421.44,2492.2,4.72,1,0.297
45.698470,93.8,0,126.6,23.4,852.1,992.6,7,375,160.89,354.49,2271.82,2529.0,4.81,1,0.281
55.599346,118.8,0,181.1,8.9,852.1,781.5,7,475,130.42,418.25,2500.82,2443.5,3.93,1,0.318
54.896080,117.2,0,137.8,32.2,852.1,840.5,7,469,197.64,441.79,2828.05,2535.5,4.45,2,0.245
49.201008,106.3,0,153.5,16.5,852.1,887.1,7,425,146.66,386.79,2391.58,2486.8,4.56,1,0.301
34.901276,97.1,0,157.9,12.1,852.1,925.7,7,388.6,129.16,351.59,2159.24,2469.0,4.63,2,0.339
46.898160,0,0,141.8,28.2,852.1,893.7,7,531.3,187.76,482.75,3024.80,2524.7,4.67,2,0.267
49.201008,106.3,0,153.5,16.5,852.1,887.1,7,425,146.66,386.79,2391.58,2486.8,4.56,1,0.301
33.398216,212.5,0,155.7,14.3,852.1,880.4,7,318.8,132.87,302.31,1901.25,2473.5,4.53,0,0.319
54.096287,94.7,0,147.4,11.4,946.8,852.1,7,401.8,128.90,361.19,2208.94,2487.9,4.23,2,0.309
55.895820,189,0,164.9,11.6,944.7,755.8,7,362.6,128.56,333.03,2050.15,2460.9,4.26,0,0.321
49.800850,282.8,0,183.8,10.3,942.7,659.9,7,323.7,123.93,303.30,1870.13,2430.3,4.19,0,0.334
47.098106,151.2,0,153.9,15.9,1134.3,605,7,379.5,140.78,349.60,2181.11,2482.4,4.57,1,0.308
55.895820,189,0,164.9,11.6,944.7,755.8,7,362.6,128.56,333.03,2050.15,2460.9,4.26,0,0.321
37.997020,200.9,0,144.7,11.2,1004.6,803.7,7,286.3,119.70,271.35,1706.28,2483.1,4.39,0,0.324
55.895820,189,0,164.9,11.6,944.7,755.8,7,362.6,128.56,333.03,2050.15,2460.9,4.26,0,0.321
56.095768,177,0,186,11.1,884.9,707.9,7,439,134.84,393.71,2380.95,2436.5,4.10,1,0.320
59.094990,189,0,145.9,22,944.7,755.8,7,389.9,162.21,367.89,2331.69,2506.1,4.60,0,0.270
22.897497,189,0,164.9,11.6,944.7,755.8,7,362.6,128.56,333.03,2050.15,2460.9,4.26,0,0.321
35.101223,189,0,174.9,9.5,944.7,755.8,7,337.9,119.13,310.26,1905.05,2438.5,4.48,1,0.358
61.094467,189.2,0,170.1,10.1,926.1,756.7,28,374,125.54,340.51,2078.76,2453.0,4.13,0,0.324
59.798252,262.2,0,175.5,8.6,1046.9,611.8,28,313.3,116.98,291.74,1794.12,2439.5,4.10,0,0.336
60.294678,106.3,0,153.5,16.5,852.1,887.1,28,425,146.66,386.79,2391.58,2486.8,4.56,1,0.301
61.797733,106.3,0,151.4,18.6,936,803.7,28,425,152.42,388.90,2421.44,2492.2,4.72,1,0.297
56.695610,93.8,0,126.6,23.4,852.1,992.6,28,375,160.89,354.49,2271.82,2529.0,4.81,1,0.281
68.299490,118.8,0,181.1,8.9,852.1,781.5,28,475,130.42,418.25,2500.82,2443.5,3.93,1,0.318
66.899860,117.2,0,137.8,32.2,852.1,840.5,28,469,197.64,441.79,2828.05,2535.5,4.45,2,0.245
60.294678,106.3,0,153.5,16.5,852.1,887.1,28,425,146.66,386.79,2391.58,2486.8,4.56,1,0.301
50.697170,97.1,0,157.9,12.1,852.1,925.7,28,388.6,129.16,351.59,2159.24,2469.0,4.63,2,0.339
56.399136,0,0,141.8,28.2,852.1,893.7,28,531.3,187.76,482.75,3024.80,2524.7,4.67,2,0.267
60.294678,106.3,0,153.5,16.5,852.1,887.1,28,425,146.66,386.79,2391.58,2486.8,4.56,1,0.301
55.495922,212.5,0,155.7,14.3,852.1,880.4,28,318.8,132.87,302.31,1901.25,2473.5,4.53,0,0.319
68.499440,94.7,0,147.4,11.4,946.8,852.1,28,401.8,128.90,361.19,2208.94,2487.9,4.23,2,0.309
71.298710,189,0,164.9,11.6,944.7,755.8,28,362.6,128.56,333.03,2050.15,2460.9,4.26,0,0.321
74.697830,282.8,0,183.8,10.3,942.7,659.9,28,323.7,123.93,303.30,1870.13,2430.3,4.19,0,0.334
52.200230,151.2,0,153.9,15.9,1134.3,605,28,379.5,140.78,349.60,2181.11,2482.4,4.57,1,0.308
71.298710,189,0,164.9,11.6,944.7,755.8,28,362.6,128.56,333.03,2050.15,2460.9,4.26,0,0.321
67.699646,200.9,0,144.7,11.2,1004.6,803.7,28,286.3,119.70,271.35,1706.28,2483.1,4.39,0,0.324
71.298710,189,0,164.9,11.6,944.7,755.8,28,362.6,128.56,333.03,2050.15,2460.9,4.26,0,0.321
65.996640,177,0,186,11.1,884.9,707.9,28,439,134.84,393.71,2380.95,2436.5,4.10,1,0.320
74.497880,189,0,145.9,22,944.7,755.8,28,389.9,162.21,367.89,2331.69,2506.1,4.60,0,0.270
71.298710,189,0,164.9,11.6,944.7,755.8,28,362.6,128.56,333.03,2050.15,2460.9,4.26,0,0.321
49.897377,189,0,174.9,9.5,944.7,755.8,28,337.9,119.13,310.26,1905.05,2438.5,4.48,1,0.358
63.397320,189.2,0,170.1,10.1,926.1,756.7,56,374,125.54,340.51,2078.76,2453.0,4.13,0,0.324
64.900375,262.2,0,175.5,8.6,1046.9,611.8,56,313.3,116.98,291.74,1794.12,2439.5,4.10,0,0.336
64.300530,106.3,0,153.5,16.5,852.1,887.1,56,425,146.66,386.79,2391.58,2486.8,4.56,1,0.301
64.900375,106.3,0,151.4,18.6,936,803.7,56,425,152.42,388.90,2421.44,2492.2,4.72,1,0.297
60.198150,93.8,0,126.6,23.4,852.1,992.6,56,375,160.89,354.49,2271.82,2529.0,4.81,1,0.281
72.298454,118.8,0,181.1,8.9,852.1,781.5,56,475,130.42,418.25,2500.82,2443.5,3.93,1,0.318
69.299230,117.2,0,137.8,32.2,852.1,840.5,56,469,197.64,441.79,2828.05,2535.5,4.45,2,0.245
64.300530,106.3,0,153.5,16.5,852.1,887.1,56,425,146.66,386.79,2391.58,2486.8,4.56,1,0.301
55.199448,97.1,0,157.9,12.1,852.1,925.7,56,388.6,129.16,351.59,2159.24,2469.0,4.63,2,0.339
58.798510,0,0,141.8,28.2,852.1,893.7,56,531.3,187.76,482.75,3024.80,2524.7,4.67,2,0.267
64.300530,106.3,0,153.5,16.5,852.1,887.1,56,425,146.66,386.79,2391.58,2486.8,4.56,1,0.301
66.100070,212.5,0,155.7,14.3,852.1,880.4,56,318.8,132.87,302.31,1901.25,2473.5,4.53,0,0.319
73.698090,94.7,0,147.4,11.4,946.8,852.1,56,401.8,128.90,361.19,2208.94,2487.9,4.23,2,0.309
77.297160,189,0,164.9,11.6,944.7,755.8,56,362.6,128.56,333.03,2050.15,2460.9,4.26,0,0.321
80.199850,282.8,0,183.8,10.3,942.7,659.9,56,323.7,123.93,303.30,1870.13,2430.3,4.19,0,0.334
54.896080,151.2,0,153.9,15.9,1134.3,605,56,379.5,140.78,349.60,2181.11,2482.4,4.57,1,0.308
77.297160,189,0,164.9,11.6,944.7,755.8,56,362.6,128.56,333.03,2050.15,2460.9,4.26,0,0.321
72.994830,200.9,0,144.7,11.2,1004.6,803.7,56,286.3,119.70,271.35,1706.28,2483.1,4.39,0,0.324
77.297160,189,0,164.9,11.6,944.7,755.8,56,362.6,128.56,333.03,2050.15,2460.9,4.26,0,0.321
71.698610,177,0,186,11.1,884.9,707.9,56,439,134.84,393.71,2380.95,2436.5,4.10,1,0.320
79.400055,189,0,145.9,22,944.7,755.8,56,389.9,162.21,367.89,2331.69,2506.1,4.60,0,0.270
77.297160,189,0,164.9,11.6,944.7,755.8,56,362.6,128.56,333.03,2050.15,2460.9,4.26,0,0.321
59.894780,189,0,174.9,9.5,944.7,755.8,56,337.9,119.13,310.26,1905.05,2438.5,4.48,1,0.358
64.900375,189.2,0,170.1,10.1,926.1,756.7,91,374,125.54,340.51,2078.76,2453.0,4.13,0,0.324
66.596490,262.2,0,175.5,8.6,1046.9,611.8,91,313.3,116.98,291.74,1794.12,2439.5,4.10,0,0.336
65.196850,106.3,0,153.5,16.5,852.1,887.1,91,425,146.66,386.79,2391.58,2486.8,4.56,1,0.301
66.699905,106.3,0,151.4,18.6,936,803.7,91,425,152.42,388.90,2421.44,2492.2,4.72,1,0.297
62.501000,93.8,0,126.6,23.4,852.1,992.6,91,375,160.89,354.49,2271.82,2529.0,4.81,1,0.281
74.194510,118.8,0,181.1,8.9,852.1,781.5,91,475,130.42,418.25,2500.82,2443.5,3.93,1,0.318
70.698870,117.2,0,137.8,32.2,852.1,840.5,91,469,197.64,441.79,2828.05,2535.5,4.45,2,0.245
65.196850,106.3,0,153.5,16.5,852.1,887.1,91,425,146.66,386.79,2391.58,2486.8,4.56,1,0.301
57.598824,97.1,0,157.9,12.1,852.1,925.7,91,388.6,129.16,351.59,2159.24,2469.0,4.63,2,0.339
59.198410,0,0,141.8,28.2,852.1,893.7,91,531.3,187.76,482.75,3024.80,2524.7,4.67,2,0.267
65.196850,106.3,0,153.5,16.5,852.1,887.1,91,425,146.66,386.79,2391.58,2486.8,4.56,1,0.301
68.099540,212.5,0,155.7,14.3,852.1,880.4,91,318.8,132.87,302.31,1901.25,2473.5,4.53,0,0.319
75.497620,94.7,0,147.4,11.4,946.8,852.1,91,401.8,128.90,361.19,2208.94,2487.9,4.23,2,0.309
79.296640,189,0,164.9,11.6,944.7,755.8,91,362.6,128.56,333.03,2050.15,2460.9,4.26,0,0.321
56.495663,151.2,0,153.9,15.9,1134.3,605,91,379.5,140.78,349.60,2181.11,2482.4,4.57,1,0.308
79.296640,189,0,164.9,11.6,944.7,755.8,91,362.6,128.56,333.03,2050.15,2460.9,4.26,0,0.321
76.800730,200.9,0,144.7,11.2,1004.6,803.7,91,286.3,119.70,271.35,1706.28,2483.1,4.39,0,0.324
79.296640,189,0,164.9,11.6,944.7,755.8,91,362.6,128.56,333.03,2050.15,2460.9,4.26,0,0.321
73.298195,177,0,186,11.1,884.9,707.9,91,439,134.84,393.71,2380.95,2436.5,4.10,1,0.320
82.599230,189,0,145.9,22,944.7,755.8,91,389.9,162.21,367.89,2331.69,2506.1,4.60,0,0.270
79.296640,189,0,164.9,11.6,944.7,755.8,91,362.6,128.56,333.03,2050.15,2460.9,4.26,0,0.321
67.796170,189,0,174.9,9.5,944.7,755.8,91,337.9,119.13,310.26,1905.05,2438.5,4.48,1,0.358
11.576302,0,96.67,189.29,4.46,967.08,870.32,3,222.36,82.87,203.22,1264.20,2356.8,7.45,4,0.675
24.448818,0,96.67,189.29,4.46,967.08,870.32,14,222.36,82.87,203.22,1264.20,2356.8,7.45,4,0.675
24.890083,0,96.67,189.29,4.46,967.08,870.32,28,222.36,82.87,203.22,1264.20,2356.8,7.45,4,0.675
29.447520,0,96.67,189.29,4.46,967.08,870.32,56,222.36,82.87,203.22,1264.20,2356.8,7.45,4,0.675
40.713560,0,96.67,189.29,4.46,967.08,870.32,100,222.36,82.87,203.22,1264.20,2356.8,7.45,4,0.675
10.383509,0,94.58,197.89,4.567,947.04,852.16,3,233.81,83.95,212.41,1314.86,2344.0,7.51,4,0.681
22.139074,0,94.58,197.89,4.567,947.04,852.16,14,233.81,83.95,212.41,1314.86,2344.0,7.51,4,0.681
22.835445,0,94.58,197.89,4.567,947.04,852.16,28,233.81,83.95,212.41,1314.86,2344.0,7.51,4,0.681
27.661777,0,94.58,197.89,4.567,947.04,852.16,56,233.81,83.95,212.41,1314.86,2344.0,7.51,4,0.681
34.556538,0,94.58,197.89,4.567,947.04,852.16,100,233.81,83.95,212.41,1314.86,2344.0,7.51,4,0.681
12.451937,0,100.52,165.62,7.48,1006.4,905.9,3,194.68,89.30,184.76,1189.21,2393.2,7.76,3,0.650
24.986610,0,100.52,165.62,7.48,1006.4,905.9,14,194.68,89.30,184.76,1189.21,2393.2,7.76,3,0.650
25.724350,0,100.52,165.62,7.48,1006.4,905.9,28,194.68,89.30,184.76,1189.21,2393.2,7.76,3,0.650
33.963590,0,100.52,165.62,7.48,1006.4,905.9,56,194.68,89.30,184.76,1189.21,2393.2,7.76,3,0.650
37.342022,0,100.52,165.62,7.48,1006.4,905.9,100,194.68,89.30,184.76,1189.21,2393.2,7.76,3,0.650
15.044366,0,125.4,162.14,7.77,1090,804.01,3,190.68,90.05,181.73,1174.14,2393.4,7.33,3,0.610
21.063492,0,125.4,162.14,7.77,1090,804.01,14,190.68,90.05,181.73,1174.14,2393.4,7.33,3,0.610
26.400036,0,125.4,162.14,7.77,1090,804.01,28,190.68,90.05,181.73,1174.14,2393.4,7.33,3,0.610
35.342540,0,125.4,162.14,7.77,1090,804.01,56,190.68,90.05,181.73,1174.14,2393.4,7.33,3,0.610
40.568768,0,125.4,162.14,7.77,1090,804.01,100,190.68,90.05,181.73,1174.14,2393.4,7.33,3,0.610
12.472621,0,121.62,180.31,5.69,1057.6,779.32,3,212.07,85.80,196.29,1235.93,2365.9,7.18,3,0.633
20.918701,0,121.62,180.31,5.69,1057.6,779.32,14,212.07,85.80,196.29,1235.93,2365.9,7.18,3,0.633
24.903873,0,121.62,180.31,5.69,1057.6,779.32,28,212.07,85.80,196.29,1235.93,2365.9,7.18,3,0.633
34.204903,0,121.62,180.31,5.69,1057.6,779.32,56,212.07,85.80,196.29,1235.93,2365.9,7.18,3,0.633
39.610397,0,121.62,180.31,5.69,1057.6,779.32,100,212.07,85.80,196.29,1235.93,2365.9,7.18,3,0.633
10.031876,0,118.31,195.47,4.63,1029.4,758.59,3,229.97,84.17,209.29,1297.74,2343.5,7.16,3,0.649
20.084436,0,118.31,195.47,4.63,1029.4,758.59,14,229.97,84.17,209.29,1297.74,2343.5,7.16,3,0.649
24.483294,0,118.31,195.47,4.63,1029.4,758.59,28,229.97,84.17,209.29,1297.74,2343.5,7.16,3,0.649
31.536633,0,118.31,195.47,4.63,1029.4,758.59,56,229.97,84.17,209.29,1297.74,2343.5,7.16,3,0.649
35.342540,0,118.31,195.47,4.63,1029.4,758.59,100,229.97,84.17,209.29,1297.74,2343.5,7.16,3,0.649
9.445821,0,125.18,161.85,9.88,1088.1,802.59,3,190.34,96.00,183.95,1203.91,2395.6,7.66,3,0.610
22.718235,0,125.18,161.85,9.88,1088.1,802.59,14,190.34,96.00,183.95,1203.91,2395.6,7.66,3,0.610
28.468464,0,125.18,161.85,9.88,1088.1,802.59,28,190.34,96.00,183.95,1203.91,2395.6,7.66,3,0.610
38.562393,0,125.18,161.85,9.88,1088.1,802.59,56,190.34,96.00,183.95,1203.91,2395.6,7.66,3,0.610
40.389503,0,125.18,161.85,9.88,1088.1,802.59,100,190.34,96.00,183.95,1203.91,2395.6,7.66,3,0.610
10.762720,0,163.27,176.46,4.49,1058.6,780.09,3,166.09,77.95,157.99,1010.74,2355.5,7.36,4,0.668
25.483032,0,163.27,176.46,4.49,1058.6,780.09,14,166.09,77.95,157.99,1010.74,2355.5,7.36,4,0.668
21.539230,0,163.27,176.46,4.49,1058.6,780.09,28,166.09,77.95,157.99,1010.74,2355.5,7.36,4,0.668
28.627043,0,163.27,176.46,4.49,1058.6,780.09,56,166.09,77.95,157.99,1010.74,2355.5,7.36,4,0.668
33.543007,0,163.27,176.46,4.49,1058.6,780.09,100,166.09,77.95,157.99,1010.74,2355.5,7.36,4,0.668
7.749710,42.08,163.83,121.75,5.72,1058.7,780.11,3,167.95,84.61,163.09,1050.33,2442.9,4.82,1,0.406
17.822954,42.08,163.83,121.75,5.72,1058.7,780.11,14,167.95,84.61,163.09,1050.33,2442.9,4.82,1,0.406
24.241976,42.08,163.83,121.75,5.72,1058.7,780.11,28,167.95,84.61,163.09,1050.33,2442.9,4.82,1,0.406
32.853530,42.08,163.83,121.75,5.72,1058.7,780.11,56,167.95,84.61,163.09,1050.33,2442.9,4.82,1,0.406
39.231186,42.08,163.83,121.75,5.72,1058.7,780.11,100,167.95,84.61,163.09,1050.33,2442.9,4.82,1,0.406
17.995323,98.05,24.51,181.71,6.86,1065.8,785.38,3,213.72,91.96,202.11,1282.04,2392.6,6.94,3,0.592
30.385208,98.05,24.51,181.71,6.86,1065.8,785.38,14,213.72,91.96,202.11,1282.04,2392.6,6.94,3,0.592
45.705364,98.05,24.51,181.71,6.86,1065.8,785.38,28,213.72,91.96,202.11,1282.04,2392.6,6.94,3,0.592
50.773014,98.05,24.51,181.71,6.86,1065.8,785.38,56,213.72,91.96,202.11,1282.04,2392.6,6.94,3,0.592
53.903233,98.05,24.51,181.71,6.86,1065.8,785.38,100,213.72,91.96,202.11,1282.04,2392.6,6.94,3,0.592
13.182781,98.06,24.52,181.74,6.65,1066,785.52,3,213.76,91.37,201.90,1279.11,2392.4,6.91,3,0.592
17.836744,98.06,24.52,181.74,6.65,1066,785.52,14,213.76,91.37,201.90,1279.11,2392.4,6.91,3,0.592
40.230923,98.06,24.52,181.74,6.65,1066,785.52,28,213.76,91.37,201.90,1279.11,2392.4,6.91,3,0.592
47.132580,98.06,24.52,181.74,6.65,1066,785.52,56,213.76,91.37,201.90,1279.11,2392.4,6.91,3,0.592
49.973220,98.06,24.52,181.74,6.65,1066,785.52,100,213.76,91.37,201.90,1279.11,2392.4,6.91,3,0.592
13.355150,0,118.16,195.23,6.13,1028.1,757.63,3,229.68,88.40,210.83,1318.70,2345.0,7.38,3,0.650
22.318338,0,118.16,195.23,6.13,1028.1,757.63,14,229.68,88.40,210.83,1318.70,2345.0,7.38,3,0.650
24.538450,0,118.16,195.23,6.13,1028.1,757.63,28,229.68,88.40,210.83,1318.70,2345.0,7.38,3,0.650
31.350473,0,118.16,195.23,6.13,1028.1,757.63,56,229.68,88.40,210.83,1318.70,2345.0,7.38,3,0.650
40.858350,0,118.16,195.23,6.13,1028.1,757.63,100,229.68,88.40,210.83,1318.70,2345.0,7.38,3,0.650
19.932750,0,94.11,186.66,7,949.91,847.01,3,238.05,91.44,218.76,1370.51,2362.7,7.39,3,0.634
25.689877,0,94.11,186.66,7,949.91,847.01,14,238.05,91.44,218.76,1370.51,2362.7,7.39,3,0.634
30.233522,0,94.11,186.66,7,949.91,847.01,28,238.05,91.44,218.76,1370.51,2362.7,7.39,3,0.634
39.589710,0,94.11,186.66,7,949.91,847.01,56,238.05,91.44,218.76,1370.51,2362.7,7.39,3,0.634
44.298832,0,94.11,186.66,7,949.91,847.01,100,238.05,91.44,218.76,1370.51,2362.7,7.39,3,0.634
13.817099,0,95.69,187.42,5.53,956.86,861.17,3,250,89.35,227.00,1405.56,2365.4,6.90,3,0.610
24.917664,0,95.69,187.42,5.53,956.86,861.17,14,250,89.35,227.00,1405.56,2365.4,6.90,3,0.610
29.219994,0,95.69,187.42,5.53,956.86,861.17,28,250,89.35,227.00,1405.56,2365.4,6.90,3,0.610
38.327972,0,95.69,187.42,5.53,956.86,861.17,56,250,89.35,227.00,1405.56,2365.4,6.90,3,0.610
42.347614,0,95.69,187.42,5.53,956.86,861.17,100,250,89.35,227.00,1405.56,2365.4,6.90,3,0.610
13.541308,0,100.37,159.32,8.71,1007.8,903.59,3,212.52,95.26,200.85,1289.58,2407.5,7.23,3,0.584
26.310404,0,100.37,159.32,8.71,1007.8,903.59,14,212.52,95.26,200.85,1289.58,2407.5,7.23,3,0.584
31.640053,0,100.37,159.32,8.71,1007.8,903.59,28,212.52,95.26,200.85,1289.58,2407.5,7.23,3,0.584
42.547565,0,100.37,159.32,8.71,1007.8,903.59,56,212.52,95.26,200.85,1289.58,2407.5,7.23,3,0.584
42.919880,0,100.37,159.32,8.71,1007.8,903.59,100,212.52,95.26,200.85,1289.58,2407.5,7.23,3,0.584
13.334466,0,100.39,159.35,10.37,1003.8,903.79,3,212.57,99.97,202.86,1314.41,2408.8,7.50,3,0.584
25.372717,0,100.39,159.35,10.37,1003.8,903.79,14,212.57,99.97,202.86,1314.41,2408.8,7.50,3,0.584
37.404070,0,100.39,159.35,10.37,1003.8,903.79,28,212.57,99.97,202.86,1314.41,2408.8,7.50,3,0.584
44.395360,0,100.39,159.35,10.37,1003.8,903.79,56,212.57,99.97,202.86,1314.41,2408.8,7.50,3,0.584
47.739320,0,100.39,159.35,10.37,1003.8,903.79,100,212.57,99.97,202.86,1314.41,2408.8,7.50,3,0.584
19.519066,0,124.78,159,7.84,1085.4,799.54,3,212,92.99,199.21,1272.38,2402.2,6.71,3,0.554
31.350473,0,124.78,159,7.84,1085.4,799.54,14,212,92.99,199.21,1272.38,2402.2,6.71,3,0.554
38.500340,0,124.78,159,7.84,1085.4,799.54,28,212,92.99,199.21,1272.38,2402.2,6.71,3,0.554
45.084835,0,124.78,159,7.84,1085.4,799.54,56,212,92.99,199.21,1272.38,2402.2,6.71,3,0.554
47.815160,0,124.78,159,7.84,1085.4,799.54,100,212,92.99,199.21,1272.38,2402.2,6.71,3,0.554
15.437367,0,121.62,173.96,6.72,1056.4,778.45,3,231.75,91.43,213.65,1341.72,2380.3,6.66,3,0.571
26.772352,0,121.62,173.96,6.72,1056.4,778.45,14,231.75,91.43,213.65,1341.72,2380.3,6.66,3,0.571
33.729164,0,121.62,173.96,6.72,1056.4,778.45,28,231.75,91.43,213.65,1341.72,2380.3,6.66,3,0.571
42.699250,0,121.62,173.96,6.72,1056.4,778.45,56,231.75,91.43,213.65,1341.72,2380.3,6.66,3,0.571
45.836365,0,121.62,173.96,6.72,1056.4,778.45,100,231.75,91.43,213.65,1341.72,2380.3,6.66,3,0.571
17.223110,0,118.27,188.45,5.75,1028.4,757.73,3,251.37,90.30,228.16,1412.80,2359.4,6.62,3,0.585
29.930153,0,118.27,188.45,5.75,1028.4,757.73,14,251.37,90.30,228.16,1412.80,2359.4,6.62,3,0.585
29.654364,0,118.27,188.45,5.75,1028.4,757.73,28,251.37,90.30,228.16,1412.80,2359.4,6.62,3,0.585
36.969704,0,118.27,188.45,5.75,1028.4,757.73,56,251.37,90.30,228.16,1412.80,2359.4,6.62,3,0.585
43.581780,0,118.27,188.45,5.75,1028.4,757.73,100,251.37,90.30,228.16,1412.80,2359.4,6.62,3,0.585
13.120729,0,118.27,188.45,6.35,1028.4,757.73,3,251.37,92.03,228.88,1421.80,2360.0,6.71,3,0.585
24.428135,0,118.27,188.45,6.35,1028.4,757.73,14,251.37,92.03,228.88,1421.80,2360.0,6.71,3,0.585
32.660477,0,118.27,188.45,6.35,1028.4,757.73,28,251.37,92.03,228.88,1421.80,2360.0,6.71,3,0.585
36.638756,0,118.27,188.45,6.35,1028.4,757.73,56,251.37,92.03,228.88,1421.80,2360.0,6.71,3,0.585
44.209200,0,118.27,188.45,6.35,1028.4,757.73,100,251.37,92.03,228.88,1421.80,2360.0,6.71,3,0.585
13.624045,0,167.01,169.59,7.56,1055.6,777.8,3,181.38,88.95,174.25,1127.02,2371.0,7.11,3,0.602
21.601284,0,167.01,169.59,7.56,1055.6,777.8,14,181.38,88.95,174.25,1127.02,2371.0,7.11,3,0.602
27.772093,0,167.01,169.59,7.56,1055.6,777.8,28,181.38,88.95,174.25,1127.02,2371.0,7.11,3,0.602
35.570070,0,167.01,169.59,7.56,1055.6,777.8,56,181.38,88.95,174.25,1127.02,2371.0,7.11,3,0.602
45.367520,0,167.01,169.59,7.56,1055.6,777.8,100,181.38,88.95,174.25,1127.02,2371.0,7.11,3,0.602
7.315340,45.21,121.97,170.21,8.19,1059.4,780.65,3,182.04,92.03,176.96,1149.15,2383.4,7.01,3,0.584
21.504757,45.21,121.97,170.21,8.19,1059.4,780.65,14,182.04,92.03,176.96,1149.15,2383.4,7.01,3,0.584
31.267736,45.21,121.97,170.21,8.19,1059.4,780.65,28,182.04,92.03,176.96,1149.15,2383.4,7.01,3,0.584
43.499043,45.21,121.97,170.21,8.19,1059.4,780.65,56,182.04,92.03,176.96,1149.15,2383.4,7.01,3,0.584
48.670113,45.21,121.97,170.21,8.19,1059.4,780.65,100,182.04,92.03,176.96,1149.15,2383.4,7.01,3,0.584
7.398078,42.22,124.25,158.33,10.83,1080.8,796.15,3,168.88,98.38,169.49,1130.78,2402.5,7.33,3,0.571
23.511131,42.22,124.25,158.33,10.83,1080.8,796.15,14,168.88,98.38,169.49,1130.78,2402.5,7.33,3,0.571
31.116053,42.22,124.25,158.33,10.83,1080.8,796.15,28,168.88,98.38,169.49,1130.78,2402.5,7.33,3,0.571
39.148450,42.22,124.25,158.33,10.83,1080.8,796.15,56,168.88,98.38,169.49,1130.78,2402.5,7.33,3,0.571
48.153004,42.22,124.25,158.33,10.83,1080.8,796.15,100,168.88,98.38,169.49,1130.78,2402.5,7.33,3,0.571
22.504498,0,96.18,168.08,9.41,961.18,865,3,290.35,106.23,264.81,1650.11,2406.8,6.05,2,0.483
34.673748,0,96.18,168.08,9.41,961.18,865,14,290.35,106.23,264.81,1650.11,2406.8,6.05,2,0.483
34.735800,0,96.18,168.08,9.41,961.18,865,28,290.35,106.23,264.81,1650.11,2406.8,6.05,2,0.483
45.084835,0,96.18,168.08,9.41,961.18,865,56,290.35,106.23,264.81,1650.11,2406.8,6.05,2,0.483
48.973480,0,96.18,168.08,9.41,961.18,865,100,290.35,106.23,264.81,1650.11,2406.8,6.05,2,0.483
23.138815,0,97.39,160.6,11.83,973.9,875.61,3,277.05,111.83,257.00,1627.41,2418.8,6.37,2,0.479
41.885666,0,97.39,160.6,11.83,973.9,875.61,14,277.05,111.83,257.00,1627.41,2418.8,6.37,2,0.479
48.284004,0,97.39,160.6,11.83,973.9,875.61,28,277.05,111.83,257.00,1627.41,2418.8,6.37,2,0.479
51.035015,0,97.39,160.6,11.83,973.9,875.61,56,277.05,111.83,257.00,1627.41,2418.8,6.37,2,0.479
55.640713,0,97.39,160.6,11.83,973.9,875.61,100,277.05,111.83,257.00,1627.41,2418.8,6.37,2,0.479
22.945760,0,95.64,171.54,8.87,955.14,859.2,3,295.71,105.17,268.46,1665.55,2401.6,5.99,2,0.486
35.232224,0,95.64,171.54,8.87,955.14,859.2,14,295.71,105.17,268.46,1665.55,2401.6,5.99,2,0.486
39.941345,0,95.64,171.54,8.87,955.14,859.2,28,295.71,105.17,268.46,1665.55,2401.6,5.99,2,0.486
48.718372,0,95.64,171.54,8.87,955.14,859.2,56,295.71,105.17,268.46,1665.55,2401.6,5.99,2,0.486
52.041650,0,95.64,171.54,8.87,955.14,859.2,100,295.71,105.17,268.46,1665.55,2401.6,5.99,2,0.486
21.022123,0,99.94,146.14,12.35,1006,899.76,3,251.81,111.00,237.37,1524.32,2438.8,6.44,2,0.469
33.356850,0,99.94,146.14,12.35,1006,899.76,14,251.81,111.00,237.37,1524.32,2438.8,6.44,2,0.469
33.942900,0,99.94,146.14,12.35,1006,899.76,28,251.81,111.00,237.37,1524.32,2438.8,6.44,2,0.469
44.140255,0,99.94,146.14,12.35,1006,899.76,56,251.81,111.00,237.37,1524.32,2438.8,6.44,2,0.469
45.367520,0,99.94,146.14,12.35,1006,899.76,100,251.81,111.00,237.37,1524.32,2438.8,6.44,2,0.469
15.361526,0,98.75,158.11,12.8,987.76,889.01,3,249.1,111.34,235.47,1515.97,2419.0,6.97,2,0.513
28.682201,0,98.75,158.11,12.8,987.76,889.01,14,249.1,111.34,235.47,1515.97,2419.0,6.97,2,0.513
30.847157,0,98.75,158.11,12.8,987.76,889.01,28,249.1,111.34,235.47,1515.97,2419.0,6.97,2,0.513
42.030457,0,98.75,158.11,12.8,987.76,889.01,56,249.1,111.34,235.47,1515.97,2419.0,6.97,2,0.513
51.055700,0,98.75,158.11,12.8,987.76,889.01,100,249.1,111.34,235.47,1515.97,2419.0,6.97,2,0.513
21.780546,0,98.75,146.25,14.17,987.76,889.01,3,252.31,115.71,239.75,1551.27,2438.4,6.69,2,0.469
42.292458,0,98.75,146.25,14.17,987.76,889.01,14,252.31,115.71,239.75,1551.27,2438.4,6.69,2,0.469
50.600643,0,98.75,146.25,14.17,987.76,889.01,28,252.31,115.71,239.75,1551.27,2438.4,6.69,2,0.469
55.826870,0,98.75,146.25,14.17,987.76,889.01,56,252.31,115.71,239.75,1551.27,2438.4,6.69,2,0.469
60.949677,0,98.75,146.25,14.17,987.76,889.01,100,252.31,115.71,239.75,1551.27,2438.4,6.69,2,0.469
23.524921,0,125.08,143.3,11.99,1086.8,800.89,3,246.83,109.78,232.78,1495.10,2437.2,6.06,1,0.445
42.216614,0,125.08,143.3,11.99,1086.8,800.89,14,246.83,109.78,232.78,1495.10,2437.2,6.06,1,0.445
52.503597,0,125.08,143.3,11.99,1086.8,800.89,28,246.83,109.78,232.78,1495.10,2437.2,6.06,1,0.445
60.322254,0,125.08,143.3,11.99,1086.8,800.89,56,246.83,109.78,232.78,1495.10,2437.2,6.06,1,0.445
66.424120,0,125.08,143.3,11.99,1086.8,800.89,100,246.83,109.78,232.78,1495.10,2437.2,6.06,1,0.445
23.800710,0,121.35,159.48,9.9,1053.6,777.5,3,275.07,106.46,252.96,1588.31,2413.9,5.83,2,0.458
38.769234,0,121.35,159.48,9.9,1053.6,777.5,14,275.07,106.46,252.96,1588.31,2413.9,5.83,2,0.458
51.331490,0,121.35,159.48,9.9,1053.6,777.5,28,275.07,106.46,252.96,1588.31,2413.9,5.83,2,0.458
56.847298,0,121.35,159.48,9.9,1053.6,777.5,56,275.07,106.46,252.96,1588.31,2413.9,5.83,2,0.458
58.605460,0,121.35,159.48,9.9,1053.6,777.5,100,275.07,106.46,252.96,1588.31,2413.9,5.83,2,0.458
21.911547,0,117.54,174.8,9.52,1022.8,753.45,3,297.16,107.23,270.15,1679.01,2392.4,5.90,2,0.475
36.990387,0,117.54,174.8,9.52,1022.8,753.45,14,297.16,107.23,270.15,1679.01,2392.4,5.90,2,0.475
47.401474,0,117.54,174.8,9.52,1022.8,753.45,28,297.16,107.23,270.15,1679.01,2392.4,5.90,2,0.475
51.958910,0,117.54,174.8,9.52,1022.8,753.45,56,297.16,107.23,270.15,1679.01,2392.4,5.90,2,0.475
56.743874,0,117.54,174.8,9.52,1022.8,753.45,100,297.16,107.23,270.15,1679.01,2392.4,5.90,2,0.475
17.574743,0,174.74,154.79,10.16,1053.5,776.35,3,213.74,101.17,204.03,1315.30,2401.1,6.17,2,0.486
33.729164,0,174.74,154.79,10.16,1053.5,776.35,14,213.74,101.17,204.03,1315.30,2401.1,6.17,2,0.486
40.148186,0,174.74,154.79,10.16,1053.5,776.35,28,213.74,101.17,204.03,1315.30,2401.1,6.17,2,0.486
46.643050,0,174.74,154.79,10.16,1053.5,776.35,56,213.74,101.17,204.03,1315.30,2401.1,6.17,2,0.486
50.076640,0,174.74,154.79,10.16,1053.5,776.35,100,213.74,101.17,204.03,1315.30,2401.1,6.17,2,0.486
17.367900,0,174.24,154.61,11.66,1052.3,775.48,3,213.5,105.38,205.61,1336.47,2402.7,6.36,2,0.486
33.701588,0,174.24,154.61,11.66,1052.3,775.48,14,213.5,105.38,205.61,1336.47,2402.7,6.36,2,0.486
45.939785,0,174.24,154.61,11.66,1052.3,775.48,28,213.5,105.38,205.61,1336.47,2402.7,6.36,2,0.486
51.434910,0,174.24,154.61,11.66,1052.3,775.48,56,213.5,105.38,205.61,1336.47,2402.7,6.36,2,0.486
59.301830,0,174.24,154.61,11.66,1052.3,775.48,100,213.5,105.38,205.61,1336.47,2402.7,6.36,2,0.486
30.447260,97.82,24.46,160.7,11.19,1061.7,782.46,3,277.19,112.99,259.29,1638.22,2441.3,5.74,1,0.434
47.711740,97.82,24.46,160.7,11.19,1061.7,782.46,14,277.19,112.99,259.29,1638.22,2441.3,5.74,1,0.434
63.142212,97.82,24.46,160.7,11.19,1061.7,782.46,28,277.19,112.99,259.29,1638.22,2441.3,5.74,1,0.434
66.824010,97.82,24.46,160.7,11.19,1061.7,782.46,56,277.19,112.99,259.29,1638.22,2441.3,5.74,1,0.434
66.948120,97.82,24.46,160.7,11.19,1061.7,782.46,100,277.19,112.99,259.29,1638.22,2441.3,5.74,1,0.434
27.420460,54.64,123.78,140.75,11.91,1075.7,792.67,3,218.23,108.95,211.80,1376.88,2441.7,5.69,1,0.419
35.956173,54.64,123.78,140.75,11.91,1075.7,792.67,14,218.23,108.95,211.80,1376.88,2441.7,5.69,1,0.419
55.509712,54.64,123.78,140.75,11.91,1075.7,792.67,28,218.23,108.95,211.80,1376.88,2441.7,5.69,1,0.419
61.990788,54.64,123.78,140.75,11.91,1075.7,792.67,56,218.23,108.95,211.80,1376.88,2441.7,5.69,1,0.419
63.528320,54.64,123.78,140.75,11.91,1075.7,792.67,100,218.23,108.95,211.80,1376.88,2441.7,5.69,1,0.419
18.016008,53.8,121.89,155.63,9.61,1014.3,780.58,3,214.9,100.44,205.80,1320.53,2410.7,5.93,2,0.470
38.603760,53.8,121.89,155.63,9.61,1014.3,780.58,14,214.9,100.44,205.80,1320.53,2410.7,5.93,2,0.470
52.200230,53.8,121.89,155.63,9.61,1014.3,780.58,28,214.9,100.44,205.80,1320.53,2410.7,5.93,2,0.470
53.958393,53.8,121.89,155.63,9.61,1014.3,780.58,56,214.9,100.44,205.80,1320.53,2410.7,5.93,2,0.470
56.633560,53.8,121.89,155.63,9.61,1014.3,780.58,100,214.9,100.44,205.80,1320.53,2410.7,5.93,2,0.470
15.340841,0,124.13,158.49,11.33,1078.7,794.91,3,218.85,103.73,208.93,1355.18,2407.1,7.05,2,0.540
26.048403,0,124.13,158.49,11.33,1078.7,794.91,14,218.85,103.73,208.93,1355.18,2407.1,7.05,2,0.540
30.219732,0,124.13,158.49,11.33,1078.7,794.91,28,218.85,103.73,208.93,1355.18,2407.1,7.05,2,0.540
37.266180,0,124.13,158.49,11.33,1078.7,794.91,56,218.85,103.73,208.93,1355.18,2407.1,7.05,2,0.540
46.229366,0,124.13,158.49,11.33,1078.7,794.91,100,218.85,103.73,208.93,1355.18,2407.1,7.05,2,0.540
16.278528,0,0,214.6,0,1003.5,762.36,3,376,85.23,321.03,1886.55,2355.7,5.71,3,0.571
25.620928,0,0,214.6,0,1003.5,762.36,14,376,85.23,321.03,1886.55,2355.7,5.71,3,0.571
31.971003,0,0,214.6,0,1003.5,762.36,28,376,85.23,321.03,1886.55,2355.7,5.71,3,0.571
36.300910,0,0,214.6,0,1003.5,762.36,56,376,85.23,321.03,1886.55,2355.7,5.71,3,0.571
43.057777,0,0,214.6,0,1003.5,762.36,100,376,85.23,321.03,1886.55,2355.7,5.71,3,0.571
67.568650,0,0,140,4,966,853,28,500,114.98,428.20,2522.86,2500.1,3.20,2,0.280
57.226510,0,59,142,1.9,1098,641,28,475,106.10,404.90,2371.62,2476.7,2.96,2,0.278
81.751170,137,0,145,5.9,1130,745,28,315,104.97,285.37,1743.79,2478.4,4.07,0,0.341
64.017845,0,60,195,0,1030,630,28,505,103.48,426.81,2474.79,2398.4,3.60,2,0.360
78.800210,0,0,165,11.25,1030,745,28,451,127.96,395.97,2400.58,2456.3,4.91,2,0.366
41.368560,0,0,162,8.2,801,802,28,516,125.39,445.03,2641.20,2459.6,3.93,2,0.314
60.280888,0,0,170,5.2,855,855,28,520,119.35,445.52,2624.24,2453.4,3.77,2,0.327
56.833508,0,0,185,6.86,920,720,28,528,123.57,453.05,2677.67,2429.1,4.15,2,0.350
51.021225,0,0,175,5.2,870,805,28,520,118.58,445.09,2620.45,2443.2,3.87,2,0.337
55.551083,0,136,158,20,903,768,28,385,148.54,354.66,2233.96,2436.8,5.31,1,0.339
44.133358,0,0,200,3,1124.4,613.2,28,500.1,109.96,425.50,2497.13,2405.9,4.30,2,0.400
39.375973,50,0,200,3,1124.4,613.2,28,450.1,106.51,387.00,2282.13,2402.7,4.38,2,0.408
55.647610,17.2,158,167,20.8,967,633,28,397,153.02,365.74,2300.15,2421.6,5.12,0,0.330
47.277370,17.5,163,167,17.9,996,652,28,333,136.99,310.23,1967.06,2407.2,5.50,1,0.375
44.326412,17.6,158,189,15.3,967,633,28,334,128.56,307.50,1928.02,2369.1,5.77,1,0.427
52.303650,0,0,175,0,1120,695,28,405,89.80,344.70,2022.45,2422.9,4.32,2,0.432
49.249270,200,0,190,0,1145,660,28,200,75.03,186.38,1137.98,2386.4,5.28,2,0.528
41.368560,0,0,162,8.26,801,802,28,516,125.56,445.11,2642.10,2459.7,3.94,2,0.314
29.157940,116,119,184,5.7,833,880,28,145,82.67,146.94,954.21,2352.0,6.70,3,0.595
39.396660,128,122,182,6.4,824,879,28,160,87.54,160.68,1036.78,2360.3,6.20,2,0.542
39.300133,156,0,189,5.85,981,760,28,234,92.75,219.26,1365.81,2387.8,6.02,2,0.527
67.865120,180,95,159,9.45,860,800,28,250,110.04,239.59,1504.37,2426.2,4.43,1,0.353
58.522724,0,0,162,9.5,1044,662,28,475,124.76,412.79,2477.54,2459.3,4.41,2,0.341
53.579180,190,0,163,7.6,1031,685,28,285,106.44,264.37,1633.31,2443.4,4.53,1,0.373
58.998463,119,0,160,9.03,1061,657,28,356,115.39,320.63,1959.65,2454.4,4.50,1,0.355
76.235360,180,120,162,10.35,830,765,28,275,115.99,261.17,1629.47,2420.3,4.20,0,0.330
69.837020,0,0,151,9,1033,655,28,500,126.43,432.56,2583.44,2480.2,3.92,2,0.302
14.396259,0.02,143.57,163.81,0,1005.6,900.9,3,165,65.56,152.26,944.23,2376.8,6.52,4,0.652
19.415644,128.5,132.1,175.06,8.08,1005.8,746.6,3,165,93.95,166.61,1087.43,2377.6,5.99,2,0.504
20.725649,129.8,118.6,179.94,3.57,1007.3,746.8,3,178.03,82.29,171.69,1078.91,2371.0,5.52,2,0.510
14.940945,129.9,128.62,175.46,7.79,1006.3,746.6,3,167.35,93.39,168.19,1094.01,2377.9,5.95,2,0.504
21.291020,13.61,172.37,156.76,4.14,1006.3,856.4,3,172.38,79.83,164.09,1042.83,2388.1,6.05,2,0.547
23.076761,50.05,173.53,164.77,6.47,1006.2,793.5,3,173.54,87.96,169.06,1087.88,2379.6,6.00,2,0.519
15.520104,75.4,167,164.03,7.91,1007.3,770.1,3,167,92.18,166.33,1084.09,2383.4,5.97,2,0.501
15.816580,93.37,159.9,172.34,9.73,1007.2,746.6,3,173.81,98.78,174.62,1145.06,2376.7,6.14,2,0.500
12.548463,0,125.18,166.61,9.88,1079,798.9,3,190.34,95.77,183.87,1202.83,2387.6,7.84,3,0.628
8.487450,0,95.69,191.84,5.33,948.9,857.2,3,250,88.56,226.68,1401.53,2357.8,7.01,3,0.624
15.609736,0,174.24,159.21,11.66,1043.6,771.9,3,213.5,105.16,205.53,1335.42,2395.0,6.51,2,0.501
12.176146,0,100.52,170.17,7.48,998,901.8,3,194.68,89.07,184.68,1188.14,2385.6,7.94,4,0.667
11.983093,0,118.27,192.94,5.75,1043.6,754.3,3,251.37,90.50,228.21,1413.68,2354.6,6.76,3,0.599
16.878372,0.02,143.57,163.81,0,1005.6,900.9,14,165,65.56,152.26,944.23,2376.8,6.52,4,0.652
33.087950,128.5,132.1,175.06,8.08,1005.8,746.6,14,165,93.95,166.61,1087.43,2377.6,5.99,2,0.504
34.239380,129.8,118.6,179.94,3.57,1007.3,746.8,14,178.03,82.29,171.69,1078.91,2371.0,5.52,2,0.510
31.812422,129.9,128.62,175.46,7.79,1006.3,746.6,14,167.35,93.39,168.19,1094.01,2377.9,5.95,2,0.504
29.750889,13.61,172.37,156.76,4.14,1006.3,856.4,14,172.38,79.83,164.09,1042.83,2388.1,6.05,2,0.547
33.005215,50.05,173.53,164.77,6.47,1006.2,793.5,14,173.54,87.96,169.06,1087.88,2379.6,6.00,2,0.519
32.901794,75.4,167,164.03,7.91,1007.3,770.1,14,167,92.18,166.33,1084.09,2383.4,5.97,2,0.501
29.550941,93.37,159.9,172.34,9.73,1007.2,746.6,14,173.81,98.78,174.62,1145.06,2376.7,6.14,2,0.500
19.415644,0,125.18,166.61,9.88,1079,798.9,14,190.34,95.77,183.87,1202.83,2387.6,7.84,3,0.628
24.655663,0,95.69,191.84,5.33,948.9,857.2,14,250,88.56,226.68,1401.53,2357.8,7.01,3,0.624
29.592310,0,174.24,159.21,11.66,1043.6,771.9,14,213.5,105.16,205.53,1335.42,2395.0,6.51,2,0.501
24.283344,0,100.52,170.17,7.48,998,901.8,14,194.68,89.07,184.68,1188.14,2385.6,7.94,4,0.667
20.725649,0,118.27,192.94,5.75,1043.6,754.3,14,251.37,90.50,228.21,1413.68,2354.6,6.76,3,0.599
26.200089,0.02,143.57,163.81,0,1005.6,900.9,28,165,65.56,152.26,944.23,2376.8,6.52,4,0.652
46.387947,128.5,132.1,175.06,8.08,1005.8,746.6,28,165,93.95,166.61,1087.43,2377.6,5.99,2,0.504
39.162235,129.8,118.6,179.94,3.57,1007.3,746.8,28,178.03,82.29,171.69,1078.91,2371.0,5.52,2,0.510
41.203087,129.9,128.62,175.46,7.79,1006.3,746.6,28,167.35,93.39,168.19,1094.01,2377.9,5.95,2,0.504
33.687798,13.61,172.37,156.76,4.14,1006.3,856.4,28,172.38,79.83,164.09,1042.83,2388.1,6.05,2,0.547
38.203865,50.05,173.53,164.77,6.47,1006.2,793.5,28,173.54,87.96,169.06,1087.88,2379.6,6.00,2,0.519
41.409927,75.4,167,164.03,7.91,1007.3,770.1,28,167,92.18,166.33,1084.09,2383.4,5.97,2,0.501
37.810863,93.37,159.9,172.34,9.73,1007.2,746.6,28,173.81,98.78,174.62,1145.06,2376.7,6.14,2,0.500
24.848715,0,125.18,166.61,9.88,1079,798.9,28,190.34,95.77,183.87,1202.83,2387.6,7.84,3,0.628
27.220512,0,95.69,191.84,5.33,948.9,857.2,28,250,88.56,226.68,1401.53,2357.8,7.01,3,0.624
44.636677,0,174.24,159.21,11.66,1043.6,771.9,28,213.5,105.16,205.53,1335.42,2395.0,6.51,2,0.501
37.266180,0,100.52,170.17,7.48,998,901.8,28,194.68,89.07,184.68,1188.14,2385.6,7.94,4,0.667
33.274113,0,118.27,192.94,5.75,1043.6,754.3,28,251.37,90.50,228.21,1413.68,2354.6,6.76,3,0.599
36.562912,0.02,143.57,163.81,0,1005.6,900.9,56,165,65.56,152.26,944.23,2376.8,6.52,4,0.652
53.723970,128.5,132.1,175.06,8.08,1005.8,746.6,56,165,93.95,166.61,1087.43,2377.6,5.99,2,0.504
48.587370,129.8,118.6,179.94,3.57,1007.3,746.8,56,178.03,82.29,171.69,1078.91,2371.0,5.52,2,0.510
51.724490,129.9,128.62,175.46,7.79,1006.3,746.6,56,167.35,93.39,168.19,1094.01,2377.9,5.95,2,0.504
35.852753,13.61,172.37,156.76,4.14,1006.3,856.4,56,172.38,79.83,164.09,1042.83,2388.1,6.05,2,0.547
53.772232,50.05,173.53,164.77,6.47,1006.2,793.5,56,173.54,87.96,169.06,1087.88,2379.6,6.00,2,0.519
53.461967,75.4,167,164.03,7.91,1007.3,770.1,56,167,92.18,166.33,1084.09,2383.4,5.97,2,0.501
48.987270,93.37,159.9,172.34,9.73,1007.2,746.6,56,173.81,98.78,174.62,1145.06,2376.7,6.14,2,0.500
31.715897,0,125.18,166.61,9.88,1079,798.9,56,190.34,95.77,183.87,1202.83,2387.6,7.84,3,0.628
39.644870,0,95.69,191.84,5.33,948.9,857.2,56,250,88.56,226.68,1401.53,2357.8,7.01,3,0.624
51.255646,0,174.24,159.21,11.66,1043.6,771.9,56,213.5,105.16,205.53,1335.42,2395.0,6.51,2,0.501
43.388725,0,100.52,170.17,7.48,998,901.8,56,194.68,89.07,184.68,1188.14,2385.6,7.94,4,0.667
39.265660,0,118.27,192.94,5.75,1043.6,754.3,56,251.37,90.50,228.21,1413.68,2354.6,6.76,3,0.599
37.955654,0.02,143.57,163.81,0,1005.6,900.9,100,165,65.56,152.26,944.23,2376.8,6.52,4,0.652
55.020184,128.5,132.1,175.06,8.08,1005.8,746.6,100,165,93.95,166.61,1087.43,2377.6,5.99,2,0.504
49.993904,129.8,118.6,179.94,3.57,1007.3,746.8,100,178.03,82.29,171.69,1078.91,2371.0,5.52,2,0.510
53.655020,129.9,128.62,175.46,7.79,1006.3,746.6,100,167.35,93.39,168.19,1094.01,2377.9,5.95,2,0.504
37.679863,13.61,172.37,156.76,4.14,1006.3,856.4,100,172.38,79.83,164.09,1042.83,2388.1,6.05,2,0.547
56.061295,50.05,173.53,164.77,6.47,1006.2,793.5,100,173.54,87.96,169.06,1087.88,2379.6,6.00,2,0.519
56.812824,75.4,167,164.03,7.91,1007.3,770.1,100,167,92.18,166.33,1084.09,2383.4,5.97,2,0.501
50.938488,93.37,159.9,172.34,9.73,1007.2,746.6,100,173.81,98.78,174.62,1145.06,2376.7,6.14,2,0.500
33.563690,0,125.18,166.61,9.88,1079,798.9,100,190.34,95.77,183.87,1202.83,2387.6,7.84,3,0.628
41.161716,0,95.69,191.84,5.33,948.9,857.2,100,250,88.56,226.68,1401.53,2357.8,7.01,3,0.624
52.958652,0,174.24,159.21,11.66,1043.6,771.9,100,213.5,105.16,205.53,1335.42,2395.0,6.51,2,0.501
44.278150,0,100.52,170.17,7.48,998,901.8,100,194.68,89.07,184.68,1188.14,2385.6,7.94,4,0.667
40.148186,0,118.27,192.94,5.75,1043.6,754.3,100,251.37,90.50,228.21,1413.68,2354.6,6.76,3,0.599
57.026560,24,79,162,11.61,967,712,28,446,131.82,394.44,2389.73,2447.2,4.22,2,0.316
44.422940,24,79,162,11.64,967,712,28,446,131.91,394.47,2390.18,2447.3,4.22,2,0.316
51.021225,24,79,162,11.64,967,712,28,446,131.91,394.47,2390.18,2447.3,4.22,2,0.316
53.386127,24,79,162,10.3,967,712,28,446,128.06,392.86,2370.08,2445.9,4.10,2,0.316
35.363224,24,79,162,11.61,967,712,3,446,131.82,394.44,2389.73,2447.2,4.22,2,0.316
25.021084,24,79,162,11.64,967,712,3,446,131.91,394.47,2390.18,2447.3,4.22,2,0.316
23.345657,24,79,162,11.64,967,712,3,446,131.91,394.47,2390.18,2447.3,4.22,2,0.316
52.007175,24,79,162,11.61,967,712,7,446,131.82,394.44,2389.73,2447.2,4.22,2,0.316
38.017708,24,79,162,11.64,967,712,7,446,131.91,394.47,2390.18,2447.3,4.22,2,0.316
39.300133,24,79,162,11.64,967,712,7,446,131.91,394.47,2390.18,2447.3,4.22,2,0.316
61.066890,24,79,162,11.61,967,712,56,446,131.82,394.44,2389.73,2447.2,4.22,2,0.316
56.144030,24,79,162,11.64,967,712,56,446,131.91,394.47,2390.18,2447.3,4.22,2,0.316
55.254610,24,79,162,11.64,967,712,56,446,131.91,394.47,2390.18,2447.3,4.22,2,0.316
54.765080,24,79,162,10.3,967,712,56,446,128.06,392.86,2370.08,2445.9,4.10,2,0.316
50.235220,20,94,157,14.32,938,845,28,387,134.13,350.59,2170.25,2449.7,4.85,1,0.342
46.684420,20,94,157,13.93,938,845,28,387,133.01,350.12,2164.40,2449.3,4.81,1,0.342
46.684420,20,94,157,11.61,938,845,28,387,126.34,347.34,2129.60,2447.0,4.58,1,0.342
22.752708,20,94,157,14.32,938,845,3,387,134.13,350.59,2170.25,2449.7,4.85,1,0.342
25.510612,20,94,157,13.93,938,845,3,387,133.01,350.12,2164.40,2449.3,4.81,1,0.342
34.770275,20,94,157,11.61,938,845,3,387,126.34,347.34,2129.60,2447.0,4.58,1,0.342
36.838703,20,94,157,14.32,938,845,7,387,134.13,350.59,2170.25,2449.7,4.85,1,0.342
45.898420,20,94,157,13.93,938,845,7,387,133.01,350.12,2164.40,2449.3,4.81,1,0.342
41.665035,20,94,157,11.61,938,845,7,387,126.34,347.34,2129.60,2447.0,4.58,1,0.342
56.337086,20,94,157,14.32,938,845,56,387,134.13,350.59,2170.25,2449.7,4.85,1,0.342
47.966846,20,94,157,13.93,938,845,56,387,133.01,350.12,2164.40,2449.3,4.81,1,0.342
61.459892,20,94,157,11.61,938,845,56,387,126.34,347.34,2129.60,2447.0,4.58,1,0.342
44.029938,19,97,145,13.13,967,871,28,355,127.39,323.33,2010.10,2462.4,4.78,1,0.338
55.454556,19,97,145,12.25,967,871,28,355,124.86,322.28,1996.90,2461.5,4.69,1,0.338
55.551083,26,123,210,3.93,882,699,28,491,116.43,422.56,2478.53,2370.1,3.89,1,0.359
57.915985,26,123,201,3.93,822,699,28,491,115.39,422.26,2473.71,2376.1,3.74,1,0.343
25.609108,26,123,210,3.93,882,699,3,491,116.43,422.56,2478.53,2370.1,3.89,1,0.359
33.488834,26,123,210,3.93,882,699,7,491,116.43,422.56,2478.53,2370.1,3.89,1,0.359
59.590427,26,123,210,3.93,882,699,56,491,116.43,422.56,2478.53,2370.1,3.89,1,0.359
29.548971,26,123,201,3.93,822,699,3,491,115.39,422.26,2473.71,2376.1,3.74,1,0.343
37.921180,26,123,201,3.93,822,699,7,491,115.39,422.26,2473.71,2376.1,3.74,1,0.343
61.855846,26,123,201,3.93,822,699,56,491,115.39,422.26,2473.71,2376.1,3.74,1,0.343
62.052840,22,132,178,8.48,822,750,28,424,120.39,373.26,2238.52,2400.3,4.15,1,0.342
32.011387,22,132,178,8.48,882,750,3,424,121.43,373.56,2243.32,2406.0,4.15,1,0.342
72.098500,22,132,168,8.92,822,750,28,424,121.64,373.78,2245.10,2415.3,4.00,1,0.323
39.004642,22,132,178,8.48,822,750,7,424,120.39,373.26,2238.52,2400.3,4.15,1,0.342
65.697210,22,132,178,8.48,822,750,56,424,120.39,373.26,2238.52,2400.3,4.15,1,0.342
32.109882,22,132,168,8.92,822,750,3,424,121.64,373.78,2245.10,2415.3,4.00,1,0.323
40.285100,22,132,168,8.92,822,750,7,424,121.64,373.78,2245.10,2415.3,4.00,1,0.323
74.364914,22,132,168,8.92,822,750,56,424,121.64,373.78,2245.10,2415.3,4.00,1,0.323
21.966705,11,141,206,1.72,942,801,28,202,73.13,183.86,1128.27,2314.6,7.22,4,0.697
9.849657,11,141,206,1.72,942,801,3,202,73.13,183.86,1128.27,2314.6,7.22,4,0.697
15.069976,11,141,206,1.72,942,801,7,202,73.13,183.86,1128.27,2314.6,7.22,4,0.697
23.245192,11,141,206,1.72,942,801,56,202,73.13,183.86,1128.27,2314.6,7.22,4,0.697
43.733463,15,141,179,5.46,842,801,28,284,93.72,255.28,1554.72,2365.8,5.32,2,0.470
13.395534,15,141,179,5.46,842,801,3,284,93.72,255.28,1554.72,2365.8,5.32,2,0.470
24.131660,15,141,179,5.46,842,801,7,284,93.72,255.28,1554.72,2365.8,5.32,2,0.470
44.520450,15,141,179,5.46,842,801,56,284,93.72,255.28,1554.72,2365.8,5.32,2,0.470
62.935368,19,141,154,10.91,942,801,28,359,121.71,324.01,1990.62,2435.8,4.41,0,0.336
59.494884,19,141,154,10.91,942,801,28,359,121.71,324.01,1990.62,2435.8,4.41,0,0.336
25.116625,19,141,154,10.91,942,801,3,359,121.71,324.01,1990.62,2435.8,4.41,0,0.336
23.639177,19,141,154,10.91,942,801,3,359,121.71,324.01,1990.62,2435.8,4.41,0,0.336
35.754257,19,141,154,10.91,942,801,7,359,121.71,324.01,1990.62,2435.8,4.41,0,0.336
38.610657,19,141,154,10.91,942,801,7,359,121.71,324.01,1990.62,2435.8,4.41,0,0.336
68.750610,19,141,154,10.91,942,801,56,359,121.71,324.01,1990.62,2435.8,4.41,0,0.336
66.780680,19,141,154,10.91,942,801,56,359,121.71,324.01,1990.62,2435.8,4.41,0,0.336
23.848974,0,0,218,0,838.4,719.7,28,436,89.78,368.97,2145.08,2342.4,5.00,2,0.500
32.068220,0,0,192,0,913.2,895.3,90,289,74.39,250.56,1492.37,2369.6,6.64,4,0.664
11.654902,0,0,192,0,913.2,895.3,3,289,74.39,250.56,1492.37,2369.6,6.64,4,0.664
19.199148,0,0,192,0,940.6,785.6,3,393,86.94,334.88,1961.99,2387.2,4.89,2,0.489
48.846615,0,0,192,0,940.6,785.6,90,393,86.94,334.88,1961.99,2387.2,4.89,2,0.489
39.604880,0,0,192,0,940.6,785.6,28,393,86.94,334.88,1961.99,2387.2,4.89,2,0.489
43.942375,0,0,192,0,936.2,712.2,28,480,97.35,405.46,2354.50,2401.0,4.00,2,0.400
34.569637,0,0,192,0,936.2,712.2,7,480,97.35,405.46,2354.50,2401.0,4.00,2,0.400
54.315540,0,0,192,0,936.2,712.2,90,480,97.35,405.46,2354.50,2401.0,4.00,2,0.400
24.404692,0,0,192,0,936.2,712.2,3,480,97.35,405.46,2354.50,2401.0,4.00,2,0.400
15.615942,0,0,192,0,931.2,842.6,3,333,79.68,286.20,1690.94,2377.1,5.77,3,0.577
21.859148,0,0,192,0,889.8,945,90,255,70.32,223.06,1339.07,2363.8,7.53,4,0.753
10.222171,0,0,192,0,889.8,945,7,255,70.32,223.06,1339.07,2363.8,7.53,4,0.753
14.596896,0,0,192,0,913.2,895.3,7,289,74.39,250.56,1492.37,2369.6,6.64,4,0.664
18.746162,0,0,192,0,889.8,945,28,255,70.32,223.06,1339.07,2363.8,7.53,4,0.753
31.966866,0,0,192,0,931.2,842.6,28,333,79.68,286.20,1690.94,2377.1,5.77,3,0.577
23.404953,0,0,192,0,931.2,842.6,7,333,79.68,286.20,1690.94,2377.1,5.77,3,0.577
25.573355,0,0,192,0,913.2,895.3,28,289,74.39,250.56,1492.37,2369.6,6.64,4,0.664
41.680202,0,0,192,0,931.2,842.6,90,333,79.68,286.20,1690.94,2377.1,5.77,3,0.577
27.742445,0,0,192,0,940.6,785.6,7,393,86.94,334.88,1961.99,2387.2,4.89,2,0.489
8.204075,0,0,192,0,889.8,945,3,255,70.32,223.06,1339.07,2363.8,7.53,4,0.753
9.617500,238.2,0,185.7,0,1040.6,734.3,7,158.8,71.71,154.73,958.99,2386.2,5.32,2,0.532
25.422360,359.4,0,185.7,0,941.6,664.3,7,239.6,88.07,225.85,1352.11,2410.6,3.52,1,0.352
15.691094,158.8,0,185.7,0,1040.6,734.3,7,238.2,77.19,215.87,1300.41,2391.4,5.08,2,0.508
27.935500,272.8,0,185.7,0,1012.4,714.3,28,181.9,76.39,175.06,1071.37,2393.2,4.64,2,0.464
32.626694,290.2,0,185.7,0,998.2,704.3,28,193.5,78.74,185.27,1127.82,2396.7,4.36,1,0.436
17.236210,170.3,0,185.7,0,1026.6,724.3,7,255.5,79.93,230.46,1381.32,2395.3,4.74,2,0.474
19.765210,181.9,0,185.7,0,1012.4,714.3,7,272.8,82.66,245.05,1462.24,2399.2,4.44,1,0.444
39.435270,359.4,0,185.7,0,941.6,664.3,28,239.6,88.07,225.85,1352.11,2410.6,3.52,1,0.352
25.745033,147.2,0,185.7,0,1055,744.3,28,220.8,74.45,201.19,1219.04,2387.5,5.48,2,0.548
33.082436,0,0,185.7,0,1040.6,734.3,28,397,88.15,338.14,1983.25,2402.0,4.68,2,0.468
24.065470,0,0,185.7,0,1047.8,739.3,7,382.5,86.38,326.34,1917.63,2399.7,4.85,2,0.485
21.819847,316.1,0,185.7,0,977,689.3,7,210.7,82.22,200.41,1211.51,2401.9,4.01,1,0.401
21.066250,238.2,0,185.7,0,1040.6,734.3,28,158.8,71.71,154.73,958.99,2386.2,5.32,2,0.532
14.843729,0,0,185.7,0,1091.4,769.3,7,295.8,75.79,255.76,1525.29,2385.7,6.28,3,0.628
32.051670,170.3,0,185.7,0,1026.6,724.3,28,255.5,79.93,230.46,1381.32,2395.3,4.74,2,0.474
11.957582,135.7,0,185.7,0,1076.2,759.3,7,203.5,71.94,186.68,1139.21,2384.9,5.95,3,0.595
25.447870,0,0,185.7,0,1040.6,734.3,7,397,88.15,338.14,1983.25,2402.0,4.68,2,0.468
22.489328,0,0,185.7,0,1104.6,784.3,28,381.4,88.14,326.17,1921.61,2408.9,4.87,2,0.487
25.216896,0,0,185.7,0,1091.4,769.3,28,295.8,75.79,255.76,1525.29,2385.7,6.28,3,0.628
39.699337,342.1,0,185.7,0,955.8,674.3,28,228,85.73,215.64,1295.70,2407.1,3.70,1,0.370
13.089012,147.2,0,185.7,0,1055,744.3,7,220.8,74.45,201.19,1219.04,2387.5,5.48,2,0.548
38.700287,210.7,0,185.7,0,977,689.3,28,316.1,89.50,281.57,1664.73,2408.9,3.83,1,0.383
7.507015,203.5,0,185.7,0,1076.2,759.3,7,135.7,67.26,134.48,847.67,2380.4,6.22,3,0.622
17.576122,0,0,185.7,0,1118.8,789.3,28,238.1,68.71,208.78,1264.07,2376.3,7.80,4,0.780
21.179323,0,0,185.7,0,1069.2,754.3,7,339.2,81.08,291.09,1721.66,2392.7,5.47,2,0.547
18.198719,203.5,0,185.7,0,1076.2,759.3,28,135.7,67.26,134.48,847.67,2380.4,6.22,3,0.622
17.200357,290.2,0,185.7,0,998.2,704.3,7,193.5,78.74,185.27,1127.82,2396.7,4.36,1,0.436
22.629982,135.7,0,185.7,0,1076.2,759.3,28,203.5,71.94,186.68,1139.21,2384.9,5.95,3,0.595
21.859148,193.5,0,185.7,0,998.2,704.3,7,290.2,85.41,259.73,1543.63,2403.1,4.17,1,0.417
12.372647,272.8,0,185.7,0,1012.4,714.3,7,181.9,76.39,175.06,1071.37,2393.2,4.64,2,0.464
25.726418,155.5,0,185.7,0,1026.6,724.3,28,170.3,67.15,159.85,984.96,2371.2,6.30,3,0.630
37.813620,316.1,0,185.7,0,977,689.3,28,210.7,82.22,200.41,1211.51,2401.9,4.01,1,0.401
21.917063,342.1,0,185.7,0,955.8,674.3,7,228,85.73,215.64,1295.70,2407.1,3.70,1,0.370
33.043137,193.5,0,185.7,0,998.2,704.3,28,290.2,85.41,259.73,1543.63,2403.1,4.17,1,0.417
14.541049,0,0,185.7,0,1104.6,784.3,7,381.4,88.14,326.17,1921.61,2408.9,4.87,2,0.487
26.913696,158.8,0,185.7,0,1040.6,734.3,28,238.2,77.19,215.87,1300.41,2391.4,5.08,2,0.508
7.995853,124.1,0,185.7,0,1083.4,764.3,7,186.2,68.98,172.00,1057.22,2379.8,6.50,4,0.650
31.899986,0,0,185.7,0,1069.2,754.3,28,339.2,81.08,291.09,1721.66,2392.7,5.47,2,0.547
10.335935,0,0,185.7,0,1118.8,789.3,7,238.1,68.71,208.78,1264.07,2376.3,7.80,4,0.780
19.765210,0,0,185.7,0,1111.6,784.3,28,252.5,70.47,220.51,1329.23,2378.6,7.35,4,0.735
37.437860,0,0,185.7,0,1047.8,739.3,28,382.5,86.38,326.34,1917.63,2399.7,4.85,2,0.485
11.483912,0,0,185.7,0,1111.6,784.3,7,252.5,70.47,220.51,1329.23,2378.6,7.35,4,0.735
24.437788,210.7,0,185.7,0,977,689.3,7,316.1,89.50,281.57,1664.73,2408.9,3.83,1,0.383
17.596806,124.1,0,185.7,0,1083.4,764.3,28,186.2,68.98,172.00,1057.22,2379.8,6.50,4,0.650
10.730315,155.5,0,185.7,0,1026.6,724.3,7,170.3,67.15,159.85,984.96,2371.2,6.30,3,0.630
31.381500,181.9,0,185.7,0,1012.4,714.3,28,272.8,82.66,245.05,1462.24,2399.2,4.44,1,0.444
13.224150,0,0,197,0,968,781,3,339,79.87,290.69,1715.33,2368.8,5.81,3,0.581
20.966965,0,0,197,0,968,781,7,339,79.87,290.69,1715.33,2368.8,5.81,3,0.581
27.041248,0,0,197,0,968,781,14,339,79.87,290.69,1715.33,2368.8,5.81,3,0.581
32.039950,0,0,197,0,968,781,28,339,79.87,290.69,1715.33,2368.8,5.81,3,0.581
35.170170,0,0,197,0,968,781,90,339,79.87,290.69,1715.33,2368.8,5.81,3,0.581
36.445700,0,0,197,0,968,781,180,339,79.87,290.69,1715.33,2368.8,5.81,3,0.581
38.893340,0,0,197,0,968,781,365,339,79.87,290.69,1715.33,2368.8,5.81,3,0.581
6.467285,0,0,194,0,968,885,3,236,67.81,207.27,1251.93,2358.1,8.00,4,0.822
12.838043,0,0,194,0,968,885,14,236,67.81,207.27,1251.93,2358.1,8.00,4,0.822
18.415903,0,0,194,0,968,885,28,236,67.81,207.27,1251.93,2358.1,8.00,4,0.822
21.946020,0,0,194,0,968,885,90,236,67.81,207.27,1251.93,2358.1,8.00,4,0.822
24.104080,0,0,193,0,968,885,180,236,67.81,207.27,1251.93,2359.5,8.00,4,0.818
25.083138,0,0,193,0,968,885,365,236,67.81,207.27,1251.93,2359.5,8.00,4,0.818
21.263440,0,0,191,0,968,856,14,277,72.86,240.60,1437.62,2369.6,6.90,4,0.690
25.965666,0,0,191,0,968,856,28,277,72.86,240.60,1437.62,2369.6,6.90,4,0.690
11.362564,0,0,191,0,968,856,3,277,72.86,240.60,1437.62,2369.6,6.90,4,0.690
31.253946,0,0,191,0,968,856,90,277,72.86,240.60,1437.62,2369.6,6.90,4,0.690
32.329530,0,0,191,0,968,856,180,277,72.86,240.60,1437.62,2369.6,6.90,4,0.690
33.701588,0,0,191,0,968,856,360,277,72.86,240.60,1437.62,2369.6,6.90,4,0.690
9.307926,0,0,198,0,968,863,3,254,69.84,221.81,1332.54,2354.6,7.80,4,0.780
26.944721,0,0,198,0,968,863,90,254,69.84,221.81,1332.54,2354.6,7.80,4,0.780
27.627304,0,0,198,0,968,863,180,254,69.84,221.81,1332.54,2354.6,7.80,4,0.780
29.785364,0,0,198,0,968,863,365,254,69.84,221.81,1332.54,2354.6,7.80,4,0.780
34.487590,0,0,193,0,968,812,180,307,76.09,264.76,1571.23,2369.7,6.29,3,0.629
36.149227,0,0,193,0,968,812,365,307,76.09,264.76,1571.23,2369.7,6.29,3,0.629
12.541569,0,0,193,0,968,812,3,307,76.09,264.76,1571.23,2369.7,6.29,3,0.629
27.530777,0,0,193,0,968,812,28,307,76.09,264.76,1571.23,2369.7,6.29,3,0.629
32.922478,0,0,193,0,968,812,90,307,76.09,264.76,1571.23,2369.7,6.29,3,0.629
9.990507,0,0,193,0,968,885,7,236,67.81,207.27,1251.93,2359.5,8.00,4,0.818
7.839342,0,0,180,0,1125,845,7,200,64.70,178.13,1094.86,2381.2,8.00,4,0.900
12.245093,0,0,180,0,1125,845,28,200,64.70,178.13,1094.86,2381.2,8.00,4,0.900
11.169511,0,0,181,0,1113,833,7,225,67.70,198.45,1207.70,2383.5,8.00,4,0.804
17.340320,0,0,181,0,1113,833,28,225,67.70,198.45,1207.70,2383.5,8.00,4,0.804
17.540270,0,0,184,0,1063,783,7,325,79.61,279.70,1658.71,2393.8,5.66,3,0.566
30.571365,0,0,184,0,1063,783,28,325,79.61,279.70,1658.71,2393.8,5.66,3,0.566
14.203206,0,0,183,0,1088,808,7,275,73.65,239.07,1433.21,2388.0,6.65,4,0.665
24.497082,0,0,183,0,1088,808,28,275,73.65,239.07,1433.21,2388.0,6.65,4,0.665
15.575263,0,0,184,0,1075,795,7,300,76.61,259.38,1545.87,2390.1,6.13,3,0.613
26.848196,0,0,184,0,1075,795,28,300,76.61,259.38,1545.87,2390.1,6.13,3,0.613
26.062193,0,0,186,0,1038,758,7,375,85.56,320.33,1884.21,2398.3,4.96,2,0.496
38.210760,0,0,186,0,1038,758,28,375,85.56,320.33,1884.21,2398.3,4.96,2,0.496
43.698990,0,0,187,0,1025,745,28,400,88.52,340.63,1996.87,2400.4,4.68,2,0.468
30.143890,0,0,187,0,1025,745,7,400,88.52,340.63,1996.87,2400.4,4.68,2,0.468
12.734622,0,0,182,0,1100,820,7,250,70.66,218.75,1320.36,2385.7,7.28,4,0.728
20.870438,0,0,182,0,1100,820,28,250,70.66,218.75,1320.36,2385.7,7.28,4,0.728
20.277489,0,0,186,0,1050,770,7,350,82.57,300.01,1771.37,2394.5,5.31,2,0.531
34.294537,0,0,186,0,1050,770,28,350,82.57,300.01,1771.37,2394.5,5.31,2,0.531
19.539060,305.3,0,203.5,0,963.4,630,7,203.5,79.04,193.31,1168.17,2365.6,4.55,2,0.455
47.714497,166.8,0,203.5,0,977.6,694.1,90,250.2,77.50,225.39,1348.98,2360.0,5.30,2,0.530
43.377003,236,0,192,0,935.4,781.2,90,157,70.48,153.09,946.34,2370.4,5.55,3,0.555
29.892233,212,0,203.5,0,971.8,748.5,28,141.3,66.62,138.87,866.58,2346.0,6.55,4,0.655
6.902344,250.2,0,203.5,0,975.6,692.6,3,166.8,71.68,161.15,990.05,2354.1,5.55,3,0.555
33.192062,183.9,0,203.5,0,958.2,800.1,90,122.6,62.93,122.58,776.20,2340.0,7.54,4,0.754
4.903554,122.6,0,203.5,0,959.2,800,3,183.9,67.18,169.79,1039.86,2344.2,7.22,4,0.722
4.565021,153,0,192,0,887,942,3,102,59.65,105.20,680.64,2352.9,8.00,4,0.856
25.460970,153,0,192,0,887,942,90,102,59.65,105.20,680.64,2352.9,8.00,4,0.856
24.290930,183.9,0,203.5,0,958.2,800.1,28,122.6,62.93,122.58,776.20,2340.0,7.54,4,0.754
33.947730,250.2,0,203.5,0,975.6,692.6,28,166.8,71.68,161.15,990.05,2354.1,5.55,3,0.555
11.414275,133,0,192,0,965.4,806.2,3,200,70.34,183.60,1118.14,2367.9,6.27,3,0.627
20.593958,162.4,0,203.5,0,938.2,849,28,108.3,60.14,110.17,707.26,2335.4,8.00,4,0.854
25.893960,203.5,0,203.5,0,965.4,631,7,305.3,86.12,271.72,1606.17,2372.7,4.35,1,0.435
29.231714,162.4,0,203.5,0,938.2,849,90,108.3,60.14,110.17,707.26,2335.4,8.00,4,0.854
31.023663,173,0,192,0,909.8,891.9,90,116,62.32,117.30,747.86,2357.3,7.55,4,0.755
10.393850,212,0,203.5,0,971.8,748.5,7,141.3,66.62,138.87,866.58,2346.0,6.55,4,0.655
33.664356,236,0,192,0,935.4,781.2,28,157,70.48,153.09,946.34,2370.4,5.55,3,0.555
27.874825,200,0,192,0,927.4,839.2,28,133,65.74,132.15,830.30,2362.9,6.55,4,0.655
19.350143,166.8,0,203.5,0,977.6,694.1,7,250.2,77.50,225.39,1348.98,2360.0,5.30,2,0.530
11.392212,116,0,192,0,946.8,856.8,7,173,66.17,161.02,992.41,2361.3,7.22,4,0.722
12.788401,288,0,192,0,929.8,716.1,3,192,77.45,183.71,1115.98,2381.3,4.55,2,0.455
39.321507,288,0,192,0,929.8,716.1,28,192,77.45,183.71,1115.98,2381.3,4.55,2,0.455
4.782206,102,0,192,0,888,943.1,3,153,63.21,144.49,900.13,2356.5,8.00,4,0.818
16.109606,192,0,192,0,932,717.8,3,288,84.15,257.66,1529.12,2388.2,4.35,1,0.435
43.377003,203.5,0,203.5,0,965.4,631,28,305.3,86.12,271.72,1606.17,2372.7,4.35,1,0.435
20.416075,157,0,192,0,972.6,749.1,7,236,75.91,213.78,1285.80,2376.2,5.31,2,0.531
6.940955,116,0,192,0,946.8,856.8,3,173,66.17,161.02,992.41,2361.3,7.22,4,0.722
15.030577,141.3,0,203.5,0,973.4,750,7,212,71.56,193.33,1170.87,2351.0,6.26,3,0.626
13.565440,157,0,192,0,972.6,749.1,3,236,75.91,213.78,1285.80,2376.2,5.31,2,0.531
32.532925,122.6,0,203.5,0,959.2,800,90,183.9,67.18,169.79,1039.86,2344.2,7.22,4,0.722
15.748322,250.2,0,203.5,0,975.6,692.6,7,166.8,71.68,161.15,990.05,2354.1,5.55,3,0.555
7.675936,153,0,192,0,887,942,7,102,59.65,105.20,680.64,2352.9,8.00,4,0.856
38.804398,192,0,192,0,932,717.8,28,288,84.15,257.66,1529.12,2388.2,4.35,1,0.435
33.003838,141.3,0,203.5,0,973.4,750,28,212,71.56,193.33,1170.87,2351.0,6.26,3,0.626
17.275510,153,0,192,0,887,942,28,102,59.65,105.20,680.64,2352.9,8.00,4,0.856
24.281965,116,0,192,0,946.8,856.8,28,173,66.17,161.02,992.41,2361.3,7.22,4,0.722
24.046165,122.6,0,203.5,0,959.2,800,28,183.9,67.18,169.79,1039.86,2344.2,7.22,4,0.722
36.588425,200,0,192,0,927.4,839.2,90,133,65.74,132.15,830.30,2362.9,6.55,4,0.655
50.732334,288,0,192,0,929.8,716.1,90,192,77.45,183.71,1115.98,2381.3,4.55,2,0.455
13.664036,200,0,192,0,927.4,839.2,7,133,65.74,132.15,830.30,2362.9,6.55,4,0.655
14.143910,203.5,0,203.5,0,965.4,631,3,305.3,86.12,271.72,1606.17,2372.7,4.35,1,0.435
47.782066,157,0,192,0,972.6,749.1,90,236,75.91,213.78,1285.80,2376.2,5.31,2,0.531
2.331808,162.4,0,203.5,0,938.2,849,3,108.3,60.14,110.17,707.26,2335.4,8.00,4,0.854
16.889404,236,0,192,0,935.4,781.2,7,157,70.48,153.09,946.34,2370.4,5.55,3,0.555
23.523542,192,0,192,0,932,717.8,7,288,84.15,257.66,1529.12,2388.2,4.35,1,0.435
6.808576,141.3,0,203.5,0,973.4,750,3,212,71.56,193.33,1170.87,2351.0,6.26,3,0.626
39.700027,141.3,0,203.5,0,973.4,750,90,212,71.56,193.33,1170.87,2351.0,6.26,3,0.626
17.964296,102,0,192,0,888,943.1,28,153,63.21,144.49,900.13,2356.5,8.00,4,0.818
32.884560,157,0,192,0,972.6,749.1,28,236,75.91,213.78,1285.80,2376.2,5.31,2,0.531
22.347986,173,0,192,0,909.8,891.9,28,116,62.32,117.30,747.86,2357.3,7.55,4,0.755
10.787541,122.6,0,203.5,0,959.2,800,7,183.9,67.18,169.79,1039.86,2344.2,7.22,4,0.722
7.723510,162.4,0,203.5,0,938.2,849,7,108.3,60.14,110.17,707.26,2335.4,8.00,4,0.854
41.684340,305.3,0,203.5,0,963.4,630,28,203.5,79.04,193.31,1168.17,2365.6,4.55,2,0.455
9.561653,305.3,0,203.5,0,963.4,630,3,203.5,79.04,193.31,1168.17,2365.6,4.55,2,0.455
6.883729,200,0,192,0,927.4,839.2,3,133,65.74,132.15,830.30,2362.9,6.55,4,0.655
50.526870,192,0,192,0,932,717.8,90,288,84.15,257.66,1529.12,2388.2,4.35,1,0.435
17.165884,133,0,192,0,965.4,806.2,7,200,70.34,183.60,1118.14,2367.9,6.27,3,0.627
30.439676,133,0,192,0,965.4,806.2,28,200,70.34,183.60,1118.14,2367.9,6.27,3,0.627
9.731264,166.8,0,203.5,0,977.6,694.1,3,250.2,77.50,225.39,1348.98,2360.0,5.30,2,0.530
3.319827,183.9,0,203.5,0,958.2,800.1,3,122.6,62.93,122.58,776.20,2340.0,7.54,4,0.754
26.322815,102,0,192,0,888,943.1,90,153,63.21,144.49,900.13,2356.5,8.00,4,0.818
43.250828,133,0,192,0,965.4,806.2,90,200,70.34,183.60,1118.14,2367.9,6.27,3,0.627
6.280437,173,0,192,0,909.8,891.9,3,116,62.32,117.30,747.86,2357.3,7.55,4,0.755
32.102690,116,0,192,0,946.8,856.8,90,173,66.17,161.02,992.41,2361.3,7.22,4,0.722
36.964188,166.8,0,203.5,0,977.6,694.1,28,250.2,77.50,225.39,1348.98,2360.0,5.30,2,0.530
54.598915,203.5,0,203.5,0,965.4,631,90,305.3,86.12,271.72,1606.17,2372.7,4.35,1,0.435
21.480625,288,0,192,0,929.8,716.1,7,192,77.45,183.71,1115.98,2381.3,4.55,2,0.455
9.694722,236,0,192,0,935.4,781.2,3,157,70.48,153.09,946.34,2370.4,5.55,3,0.555
8.374375,102,0,192,0,888,943.1,7,153,63.21,144.49,900.13,2356.5,8.00,4,0.818
39.662106,212,0,203.5,0,971.8,748.5,90,141.3,66.62,138.87,866.58,2346.0,6.55,4,0.655
10.089792,173,0,192,0,909.8,891.9,7,116,62.32,117.30,747.86,2357.3,7.55,4,0.755
4.827711,212,0,203.5,0,971.8,748.5,3,141.3,66.62,138.87,866.58,2346.0,6.55,4,0.655
10.354550,183.9,0,203.5,0,958.2,800.1,7,122.6,62.93,122.58,776.20,2340.0,7.54,4,0.754
43.565230,250.2,0,203.5,0,975.6,692.6,90,166.8,71.68,161.15,990.05,2354.1,5.55,3,0.555
51.863760,305.3,0,203.5,0,963.4,630,90,203.5,79.04,193.31,1168.17,2365.6,4.55,2,0.455
11.852093,0,0,192,0,1012,830,3,310,77.64,267.62,1590.34,2378.5,6.19,3,0.619
17.243795,0,0,192,0,1012,830,7,310,77.64,267.62,1590.34,2378.5,6.19,3,0.619
27.827251,0,0,192,0,1012,830,28,310,77.64,267.62,1590.34,2378.5,6.19,3,0.619
35.763120,0,0,192,0,1012,830,90,310,77.64,267.62,1590.34,2378.5,6.19,3,0.619
38.700287,0,0,192,0,1012,830,120,310,77.64,267.62,1590.34,2378.5,6.19,3,0.619
14.306627,0,0,192,0,1025,821,3,331,80.57,284.81,1687.08,2384.1,5.80,3,0.580
17.436848,0,0,192,0,1025,821,7,331,80.57,284.81,1687.08,2384.1,5.80,3,0.580
31.743475,0,0,192,0,1025,821,28,331,80.57,284.81,1687.08,2384.1,5.80,3,0.580
37.914284,0,0,192,0,1025,821,90,331,80.57,284.81,1687.08,2384.1,5.80,3,0.580
39.382870,0,0,192,0,1025,821,120,331,80.57,284.81,1687.08,2384.1,5.80,3,0.580
15.871738,0,0,192,0,1056,809,3,349,83.35,299.61,1771.16,2390.3,5.50,3,0.550
9.011452,0,0,192,0,1056,809,7,349,83.35,299.61,1771.16,2390.3,5.50,3,0.550
33.605060,0,0,192,0,1056,809,28,349,83.35,299.61,1771.16,2390.3,5.50,3,0.550
40.658400,0,0,192,0,1056,809,90,349,83.35,299.61,1771.16,2390.3,5.50,3,0.550
40.858350,0,0,192,0,1056,809,120,349,83.35,299.61,1771.16,2390.3,5.50,3,0.550
12.052040,0,0,186,0,1119,789,7,238,68.69,208.70,1263.59,2375.8,7.82,4,0.782
17.540270,0,0,186,0,1119,789,28,238,68.69,208.70,1263.59,2375.8,7.82,4,0.782
18.912327,0,0,186,0,1090,769,7,296,75.78,255.92,1526.07,2385.2,6.28,3,0.628
25.179663,0,0,186,0,1090,769,28,296,75.78,255.92,1526.07,2385.2,6.28,3,0.628
30.957472,0,0,186,0,1040,734,7,297,74.33,256.14,1523.17,2376.5,6.26,3,0.626
43.892040,0,0,192,0,936,721,28,480,97.53,405.55,2355.36,2401.9,4.00,2,0.400
54.275550,0,0,192,0,936,721,90,480,97.53,405.55,2355.36,2401.9,4.00,2,0.400
36.935230,0,0,186,0,1040,734,28,397,88.13,338.14,1983.17,2401.5,4.69,2,0.469
14.499681,0,0,186,0,1104,774,7,281,74.06,243.74,1458.69,2383.4,6.62,4,0.662
22.435549,0,0,185,0,1104,774,28,281,74.06,243.74,1458.69,2384.8,6.58,4,0.658
12.638095,0,0,200,0,1125,613,1,500,101.33,421.81,2451.70,2403.0,4.00,2,0.400
26.062193,0,0,200,0,1125,613,3,500,101.33,421.81,2451.70,2403.0,4.00,2,0.400
33.212060,0,0,200,0,1125,613,7,500,101.33,421.81,2451.70,2403.0,4.00,2,0.400
36.935230,0,0,200,0,1125,613,14,500,101.33,421.81,2451.70,2403.0,4.00,2,0.400
44.091990,0,0,200,0,1125,613,28,500,101.33,421.81,2451.70,2403.0,4.00,2,0.400
52.613914,0,0,173,0,1125,613,7,540,106.81,454.61,2635.65,2450.3,3.20,2,0.320
59.763780,0,0,173,0,1125,613,14,540,106.81,454.61,2635.65,2450.3,3.20,2,0.320
67.306650,0,0,173,0,1125,613,28,540,106.81,454.61,2635.65,2450.3,3.20,2,0.320
69.657760,0,0,173,0,1125,613,90,540,106.81,454.61,2635.65,2450.3,3.20,2,0.320
71.622765,0,0,173,0,1125,613,180,540,106.81,454.61,2635.65,2450.3,3.20,2,0.320
74.166930,0,0,173,0,1125,613,270,540,106.81,454.61,2635.65,2450.3,3.20,2,0.320
18.126324,0,0,203,0,974,775,7,350,81.38,299.68,1765.83,2363.2,5.80,3,0.580
22.532076,0,0,203,0,974,775,14,350,81.38,299.68,1765.83,2363.2,5.80,3,0.580
27.337723,0,0,203,0,974,775,28,350,81.38,299.68,1765.83,2363.2,5.80,3,0.580
29.978416,0,0,203,0,974,775,56,350,81.38,299.68,1765.83,2363.2,5.80,3,0.580
31.350473,0,0,203,0,974,775,90,350,81.38,299.68,1765.83,2363.2,5.80,3,0.580
32.722530,0,0,203,0,974,775,180,350,81.38,299.68,1765.83,2363.2,5.80,3,0.580
6.267337,0,0,186,0,966,763,1,385,85.80,328.22,1924.95,2394.1,4.83,2,0.483
14.699628,0,0,186,0,966,763,3,385,85.80,328.22,1924.95,2394.1,4.83,2,0.483
23.221552,0,0,186,0,966,763,7,385,85.80,328.22,1924.95,2394.1,4.83,2,0.483
27.923779,0,0,186,0,966,763,14,385,85.80,328.22,1924.95,2394.1,4.83,2,0.483
31.350473,0,0,186,0,966,763,28,385,85.80,328.22,1924.95,2394.1,4.83,2,0.483
38.996760,0,0,192,0,978,825,180,331,79.85,284.62,1683.72,2379.6,5.80,3,0.580
41.244453,0,0,192,0,978,825,360,331,79.85,284.62,1683.72,2379.6,5.80,3,0.580
14.989208,0,0,192,0,1047,806,3,349,83.13,299.53,1770.14,2389.1,5.50,3,0.550
13.520624,0,0,192,0,978,825,3,331,79.85,284.62,1683.72,2379.6,5.80,3,0.580
24.000660,0,0,186,0,1047,739,7,382,86.29,325.92,1915.23,2399.0,4.87,2,0.487
37.424760,0,0,186,0,1047,739,28,382,86.29,325.92,1915.23,2399.0,4.87,2,0.487
11.465986,0,0,186,0,1111,784,7,382,88.32,326.69,1924.85,2409.1,4.87,2,0.487
22.435549,0,0,186,0,1104,774,28,281,74.06,243.74,1458.69,2383.4,6.62,4,0.662
21.160019,0,0,185,0,1069,754,7,339,81.04,290.92,1720.69,2393.6,5.46,2,0.546
31.840002,0,0,185,0,1069,754,28,339,81.04,290.92,1720.69,2393.6,5.46,2,0.546
14.796155,0,0,185,0,1069,769,7,295,75.28,254.99,1519.79,2384.2,6.27,3,0.627
25.179663,0,0,185,0,1069,769,28,295,75.28,254.99,1519.79,2384.2,6.27,3,0.627
17.540270,0,0,185,0,1118,789,28,238,68.67,208.70,1263.51,2377.1,7.77,4,0.777
14.203206,0,0,192,0,1085,765,7,296,75.62,255.85,1525.28,2375.8,6.49,3,0.649
21.649546,0,0,192,0,1085,765,28,296,75.62,255.85,1525.28,2375.8,6.49,3,0.649
29.392363,0,0,192,0,1085,765,90,296,75.62,255.85,1525.28,2375.8,6.49,3,0.649
13.520624,0,0,192,0,879,825,3,331,78.14,284.12,1675.80,2368.9,5.80,3,0.580
16.264738,0,0,192,0,978,825,7,331,79.85,284.62,1683.72,2379.6,5.80,3,0.580
31.447000,0,0,192,0,978,825,28,331,79.85,284.62,1683.72,2379.6,5.80,3,0.580
37.231705,0,0,192,0,978,825,90,331,79.85,284.62,1683.72,2379.6,5.80,3,0.580
18.126324,0,0,192,0,1047,806,7,349,83.13,299.53,1770.14,2389.1,5.50,3,0.550
32.722530,0,0,192,0,1047,806,28,349,83.13,299.53,1770.14,2389.1,5.50,3,0.550
39.486290,0,0,192,0,1047,806,90,349,83.13,299.53,1770.14,2389.1,5.50,3,0.550
41.051400,0,0,192,0,1047,806,180,349,83.13,299.53,1770.14,2389.1,5.50,3,0.550
42.126984,0,0,192,0,1047,806,360,349,83.13,299.53,1770.14,2389.1,5.50,3,0.550
18.126324,0,0,203,0,974,817,14,302,75.62,260.74,1549.23,2355.5,6.72,4,0.672
26.744774,0,0,203,0,974,817,180,302,75.62,260.74,1549.23,2355.5,6.72,4,0.672
61.921840,0,0,189,0,1125,613,180,525,104.76,442.31,2566.68,2424.1,3.60,2,0.360
47.222210,0,0,200,0,1125,613,90,500,101.33,421.81,2451.70,2403.0,4.00,2,0.400
51.041910,0,0,200,0,1125,613,180,500,101.33,421.81,2451.70,2403.0,4.00,2,0.400
55.158080,0,0,200,0,1125,613,270,500,101.33,421.81,2451.70,2403.0,4.00,2,0.400
41.637455,0,0,173,0,1125,613,3,540,106.81,454.61,2635.65,2450.3,3.20,2,0.320
13.713677,0,0,185,0,1111,784,7,252,70.38,220.09,1326.85,2379.4,7.34,4,0.734
19.691435,0,0,185,0,1111,784,28,252,70.38,220.09,1326.85,2379.4,7.34,4,0.734
31.646948,0,0,185,0,1060,754,28,339,80.89,290.88,1719.97,2392.7,5.46,2,0.546
19.105380,0,0,192,0,940,758,3,393,86.36,334.60,1959.18,2384.3,4.89,2,0.489
39.582817,0,0,192,0,940,758,28,393,86.36,334.60,1959.18,2384.3,4.89,2,0.489
48.794216,0,0,192,0,940,758,90,393,86.36,334.60,1959.18,2384.3,4.89,2,0.489
24.000660,0,0,185,0,1047,739,7,382,86.29,325.92,1915.23,2400.5,4.84,2,0.484
37.424760,0,0,185,0,1047,739,28,382,86.29,325.92,1915.23,2400.5,4.84,2,0.484
11.465986,0,0,186,0,1111,784,7,252,70.38,220.09,1326.85,2378.0,7.38,4,0.738
19.691435,0,0,185,0,1111,784,28,252,70.38,220.09,1326.85,2379.4,7.34,4,0.734
14.989208,0,0,192,0,970,850,7,310,77.33,267.61,1588.98,2376.2,6.19,3,0.619
27.923779,0,0,192,0,970,850,28,310,77.33,267.61,1588.98,2376.2,6.19,3,0.619
34.680640,0,0,192,0,970,850,90,310,77.33,267.61,1588.98,2376.2,6.19,3,0.619
37.328230,0,0,192,0,970,850,180,310,77.33,267.61,1588.98,2376.2,6.19,3,0.619
38.114235,0,0,192,0,970,850,360,310,77.33,267.61,1588.98,2376.2,6.19,3,0.619
33.798115,0,0,189,0,1125,613,3,525,104.76,442.31,2566.68,2424.1,3.60,2,0.360
42.423460,0,0,189,0,1125,613,7,525,104.76,442.31,2566.68,2424.1,3.60,2,0.360
48.401215,0,0,189,0,1125,613,14,525,104.76,442.31,2566.68,2424.1,3.60,2,0.360
55.944084,0,0,189,0,1125,613,28,525,104.76,442.31,2566.68,2424.1,3.60,2,0.360
58.784725,0,0,189,0,1125,613,90,525,104.76,442.31,2566.68,2424.1,3.60,2,0.360
67.113594,0,0,189,0,1125,613,270,525,104.76,442.31,2566.68,2424.1,3.60,2,0.360
20.773912,0,0,203,0,974,800,14,322,78.03,276.97,1639.53,2358.8,6.30,3,0.630
25.179663,0,0,203,0,974,800,28,322,78.03,276.97,1639.53,2358.8,6.30,3,0.630
29.585415,0,0,203,0,974,800,180,322,78.03,276.97,1639.53,2358.8,6.30,3,0.630
21.752968,0,0,203,0,974,817,28,302,75.62,260.74,1549.23,2355.5,6.72,4,0.672
39.093290,0,0,185,0,1040,734,28,397,88.13,338.14,1983.17,2402.9,4.66,2,0.466
24.393661,0,0,192,0,936,721,3,480,97.53,405.55,2355.36,2401.9,4.00,2,0.400
50.511013,0,0,146,0,896,896,7,522,106.21,441.52,2562.77,2490.0,2.80,2,0.280
74.987410,0,0,146,0,896,896,28,522,106.21,441.52,2562.77,2490.0,2.80,2,0.280
37.169650,105,82,210,9,904,680,28,273,104.48,252.93,1571.24,2338.1,6.15,2,0.517
33.756744,190,148,179,19,838,741,28,162,126.90,179.75,1243.50,2374.2,6.34,1,0.444
16.499160,144,112,220,10,923,658,28,154,94.89,158.98,1052.88,2299.0,7.76,4,0.654
19.987910,115,89,202,9,860,829,28,147,90.42,151.52,1006.70,2329.9,8.19,4,0.691
36.349174,178,139,168,18,944,695,28,152,122.27,169.64,1181.86,2391.3,6.37,1,0.445
33.687798,143,111,168,22,914,651,28,310,150.44,301.10,1948.56,2423.8,5.37,0,0.342
15.416683,0,175,158,18,943,844,28,144,113.59,156.38,1110.06,2383.0,8.35,3,0.635
33.418903,140,0,214,6,895,722,28,304,99.49,275.24,1674.63,2354.0,5.82,2,0.514
39.051920,0,0,190,7,1013,730,28,374,104.54,327.50,1979.82,2394.3,6.02,2,0.508
27.675566,149,116,175,15,953,720,28,159,112.23,170.17,1161.29,2380.1,6.80,2,0.503
26.855091,239,0,200,6,1002,684,28,153,86.53,156.52,1014.46,2361.4,6.58,3,0.581
45.298573,143,0,168,10,914,804,28,310,114.00,286.01,1772.76,2436.7,5.06,1,0.396
30.123207,0,100,196,10,959,705,28,305,106.80,276.00,1710.61,2354.6,6.60,2,0.537
15.568368,0,184,167,12,991,772,28,151,97.07,154.63,1049.81,2362.4,8.18,3,0.639
44.609097,167,130,174,11,883,785,28,142,100.41,152.91,1030.79,2374.7,6.17,2,0.492
53.524020,137,107,201,6,878,655,28,298,101.68,271.55,1648.74,2352.6,4.81,1,0.426
57.212720,164,0,190,5,870,774,28,321,101.24,289.57,1748.18,2398.8,4.72,1,0.420
65.907010,187,0,191,7,824,757,28,366,113.64,329.62,1986.70,2408.4,4.34,1,0.370
52.820755,129,100,172,9,825,805,28,280,109.11,261.08,1618.54,2401.9,4.76,1,0.388
33.398216,97,76,194,8,835,821,28,252,99.59,235.05,1465.19,2361.2,6.11,2,0.517
18.029797,0,150,182,12,1023,729,28,165,97.12,165.16,1109.10,2346.2,9.04,4,0.714
37.362705,243,0,180,11,1022,698,28,156,102.21,165.41,1107.42,2400.3,6.52,2,0.514
32.839740,188,146,203,11,829,710,28,160,102.62,168.03,1109.73,2326.7,6.21,2,0.510
42.637196,0,107,186,6,879,815,28,298,95.54,266.30,1623.69,2365.6,5.88,2,0.514
40.058556,0,126,210,6,861,737,28,318,97.28,282.22,1708.40,2324.9,6.01,2,0.534
41.940826,121,94,188,9,904,696,28,287,108.37,265.61,1643.20,2376.6,5.17,1,0.427
61.232365,166,0,174,9,882,790,28,326,114.08,298.78,1834.31,2430.4,4.71,1,0.379
40.865242,0,142,193,11,801,778,28,356,117.43,319.80,1959.07,2360.3,5.48,1,0.437
33.301690,207,161,179,5,867,736,28,132,84.68,139.56,903.72,2356.8,5.04,2,0.454
52.420860,149,0,186,8,951,709,28,322,109.01,292.99,1793.25,2406.8,5.07,1,0.422
15.085735,0,200,181,13,849,846,28,164,101.57,166.84,1122.28,2338.1,8.16,3,0.637
38.458973,0,113,170,10,925,783,28,314,109.64,284.25,1758.34,2397.5,5.62,1,0.445
37.259280,0,128,182,11,870,780,28,321,113.17,291.18,1802.36,2375.8,5.80,2,0.458
35.225330,164,128,237,6,869,656,28,140,82.62,143.74,931.59,2264.2,7.50,4,0.681
42.133877,121,0,177,7,908,829,28,288,101.24,263.49,1621.99,2412.9,5.46,2,0.460
31.874475,0,107,210,11,880,744,28,298,108.49,271.60,1691.72,2329.0,7.16,3,0.580
41.540928,111,86,195,6,833,790,28,265,96.38,243.89,1496.93,2359.3,5.46,2,0.481
39.451817,250,0,168,12,1049,688,28,160,106.36,170.28,1144.06,2422.8,6.13,2,0.467
37.914284,260,0,183,13,859,827,28,166,110.37,177.34,1188.39,2400.2,6.42,2,0.489
44.278150,116,90,180,9,870,768,28,276,107.22,256.80,1595.16,2388.7,5.19,1,0.426
31.178104,0,116,196,10,818,813,28,322,109.69,290.64,1789.93,2354.0,6.15,2,0.501
23.690395,139,109,193,6,892,780,28,149,84.17,150.83,977.75,2341.2,6.68,3,0.593
32.763900,187,0,176,11,990,789,28,159,100.08,165.82,1110.95,2402.6,7.29,3,0.570
32.398476,100,78,201,9,864,761,28,261,103.27,243.37,1519.02,2351.6,6.21,2,0.518
28.627043,92,71,247,6,853,695,28,237,88.95,218.85,1353.13,2268.2,7.74,4,0.699
36.804230,0,113,178,8,1002,689,28,313,103.14,280.47,1720.52,2382.0,5.61,2,0.467
18.284903,183,0,193,9,1047,697,28,155,92.60,159.31,1056.75,2370.7,7.73,3,0.640
33.060375,230,0,202,3,827,872,28,146,77.19,147.74,939.36,2353.4,6.52,3,0.612
31.419422,0,107,221,11,819,778,28,296,107.88,270.00,1681.06,2310.0,7.50,3,0.614
31.026420,210,0,196,3,949,795,28,133,74.52,135.91,875.61,2359.7,6.95,4,0.651
44.388466,145,0,178,8,867,824,28,313,108.42,286.14,1755.42,2418.5,5.02,1,0.415
12.176146,0,112,184,8,992,816,28,152,83.34,149.66,991.73,2345.1,9.52,4,0.839
25.558876,145,113,178,8,1002,689,28,153,91.07,156.52,1028.02,2368.4,6.26,2,0.529
36.438810,133,103,200,7,916,753,28,140,84.98,144.08,948.18,2329.0,7.42,3,0.649
32.956950,236,0,176,13,847,893,28,149,107.52,162.80,1108.61,2407.2,6.90,2,0.521
23.835186,0,120,212,10,878,728,28,300,106.13,272.13,1685.46,2322.7,6.89,3,0.570
26.227667,145,113,178,8,867,824,28,153,91.53,157.20,1030.72,2368.4,6.26,2,0.529
17.953955,0,137,158,16,1002,830,28,148,107.37,156.66,1097.98,2390.0,8.86,4,0.686
40.679085,0,138,199,11,801,792,28,326,113.40,295.26,1822.08,2345.9,6.05,2,0.487
19.008854,145,0,178,8,1000,822,28,153,88.59,155.58,1029.86,2391.8,7.96,4,0.662
33.715378,111,86,195,5,895,733,28,262,92.98,239.97,1467.39,2358.0,5.39,2,0.485
8.535713,0,195,220,11,898,713,28,158,92.90,158.35,1054.88,2270.6,9.56,4,0.800
13.458571,0,185,167,16,1074,678,28,151,108.10,158.92,1107.15,2365.2,8.37,3,0.637
32.239900,0,90,199,11,931,762,28,273,105.50,251.19,1580.88,2347.1,7.60,3,0.609
23.518026,118,92,183,7,953,780,28,149,85.86,150.94,989.61,2360.4,7.10,3,0.613
29.723310,169,143,191,8,967,643,28,143,91.18,149.49,984.84,2340.7,6.13,2,0.525
49.773273,101,78,171,10,936,763,28,260,107.32,244.17,1535.62,2403.2,5.55,1,0.441
52.441544,161,0,178,10,917,759,28,313,114.79,288.94,1787.72,2422.0,5.08,1,0.403
40.934190,120,0,168,7,970,794,28,284,100.96,260.12,1604.74,2427.5,5.29,1,0.442
44.864204,0,0,182,3,986,817,28,336,89.12,292.27,1751.54,2398.2,5.86,2,0.542
13.196570,0,134,181,11,979,812,28,145,91.70,147.85,1005.28,2347.0,9.97,4,0.803
37.431652,237,0,174,12,1069,675,28,150,104.17,161.40,1094.47,2409.9,6.67,2,0.512
29.868101,170,133,192,8,814,805,28,144,91.65,151.02,992.70,2341.6,6.23,2,0.534
56.612873,170,0,195,8,811,802,28,331,111.22,301.65,1839.07,2395.1,4.97,1,0.418
12.458832,0,143,193,9,1047,697,28,155,86.55,153.02,1016.15,2324.6,9.51,4,0.801
23.786922,183,0,193,9,877,868,28,155,93.21,160.17,1060.25,2370.8,7.73,3,0.640
13.293098,0,166,180,10,961,805,28,135,88.46,138.93,945.34,2339.5,9.33,4,0.767
39.417343,112,87,178,10,910,745,28,266,108.51,249.51,1563.56,2391.4,5.44,1,0.436
46.229366,145,113,179,8,869,690,28,314,111.01,287.89,1758.08,2393.8,4.30,1,0.360
44.519466,145,0,127,8,1000,822,28,313,110.61,286.77,1765.75,2505.4,3.83,0,0.296
23.738659,173,0,182,3,986,817,28,146,74.84,145.12,929.44,2382.3,6.87,3,0.640
26.144930,136,106,178,7,941,774,28,144,86.72,147.90,971.84,2366.6,6.53,3,0.563
15.520104,0,182,181,15,839,884,28,148,104.90,156.09,1079.88,2340.5,9.04,4,0.704
43.574883,117,91,191,7,946,666,28,277,100.93,254.66,1566.06,2368.6,5.21,1,0.449
35.859646,0,107,164,13,953,784,28,298,116.28,274.75,1731.47,2408.8,6.13,2,0.453
41.051400,145,0,178,8,1002,689,28,313,107.95,285.46,1752.72,2418.5,5.02,1,0.415
28.985570,184,143,194,9,880,699,28,155,96.41,161.41,1058.19,2340.0,5.93,2,0.500
46.243156,134,0,195,6,924,760,28,289,98.27,263.16,1609.91,2383.3,5.63,2,0.492
26.917143,175,0,171,2,1000,828,28,148,72.84,145.84,926.44,2400.5,6.25,3,0.594
10.535193,0,179,202,8,824,869,28,145,83.68,144.95,958.12,2300.0,9.23,4,0.800
25.096926,0,0,178,8,1000,822,28,313,100.66,279.53,1722.36,2405.4,6.96,3,0.569
29.068308,162,126,172,10,923,764,28,136,96.43,146.45,987.38,2376.4,6.22,2,0.504
9.735401,0,143,193,9,877,868,28,155,87.16,153.88,1019.65,2324.7,9.51,4,0.801
33.798115,99,77,189,6,919,749,28,255,94.39,234.93,1449.20,2368.6,5.66,2,0.497
39.844820,207,172,216,10,822,638,28,162,100.94,169.18,1104.49,2300.8,5.94,2,0.501
26.965406,196,98,199,6,847,783,28,136,85.10,142.60,930.66,2336.5,6.36,3,0.566
27.234303,163,128,197,8,961,641,28,164,92.84,166.06,1077.47,2336.8,6.19,2,0.531
30.647207,214,164,202,10,820,680,28,162,101.87,169.78,1109.80,2326.9,5.61,2,0.468
33.053480,214,152,200,9,819,704,28,157,98.23,164.47,1072.92,2330.9,5.63,2,0.477
24.579819,153,194,192,8,935,623,28,149,92.29,154.27,1008.18,2328.1,5.76,2,0.495
21.911547,105,193,196,6,965,643,28,135,82.18,138.32,903.69,2313.4,6.55,3,0.585
30.881630,209,161,201,7,848,669,28,159,92.60,163.44,1050.34,2325.7,5.42,2,0.475
15.340841,15,195,176,6,1021,709,28,144,79.62,142.18,929.33,2340.1,7.29,3,0.645
24.338503,174,185,228,7,845,612,28,154,89.40,157.49,1013.36,2271.3,6.32,3,0.564
23.890343,187,195,185,7,898,636,28,167,93.91,169.50,1084.61,2345.4,4.90,1,0.427
22.931973,86,190,213,6,923,623,28,184,86.38,177.09,1117.77,2291.9,6.46,3,0.581
29.413046,178,187,221,7,854,614,28,156,90.23,159.44,1024.86,2283.5,6.05,2,0.538
28.629800,91.7,71.5,246.9,6,852.9,695.4,28,236.9,88.95,218.77,1352.67,2268.2,7.74,4,0.699
36.804920,0,113,178.5,8,1001.9,688.7,28,313.3,103.18,280.72,1721.86,2381.3,5.62,2,0.468
18.287660,183.4,0,193.3,9.1,1047.4,696.7,28,154.8,92.89,159.29,1057.45,2370.4,7.76,3,0.641
32.720463,230.5,0,202.5,3.4,827,871.8,28,145.9,78.36,148.16,945.03,2353.2,6.58,3,0.613
31.420110,0,106.7,221.4,10.5,819.2,778.4,28,296,106.44,269.40,1673.59,2309.0,7.45,3,0.615
28.937998,210.2,0,195.7,3.1,949.4,795.3,28,133.1,74.85,136.13,877.69,2360.4,6.95,3,0.650
40.925230,145,0,178.5,8,867.2,824,28,313.3,108.46,286.39,1756.81,2417.8,5.03,1,0.416
12.180972,0,111.9,184.4,7.9,992,815.9,28,151.6,82.99,149.20,988.37,2344.3,9.50,4,0.843
25.559565,145,113,178.5,8,1001.9,688.7,28,153.1,91.07,156.60,1028.44,2367.7,6.27,2,0.530
36.443634,132.6,103.3,200.3,7.4,916,753.4,28,139.9,86.11,144.47,953.67,2328.9,7.49,4,0.650
32.963850,236,0,175.8,12.6,846.8,892.7,28,149.5,106.43,162.72,1104.87,2407.1,6.83,2,0.520
23.835875,0,119.8,211.5,9.9,878.2,727.6,28,299.8,105.80,271.84,1683.00,2323.3,6.87,3,0.569
26.233183,145,113,178.5,8,867.2,824,28,153.1,91.55,157.28,1031.19,2367.8,6.27,2,0.530
17.959470,0,136.6,158.1,16.1,1001.8,830.1,28,148.1,107.65,156.85,1099.89,2390.0,8.87,4,0.687
38.630650,0,137.9,199,10.8,801.1,792.5,28,326.5,112.90,295.44,1821.43,2345.9,6.03,2,0.486
19.009542,144.7,0,178.1,8,999.7,822.2,28,152.7,88.53,155.32,1028.38,2391.5,7.98,4,0.663
33.718822,110.5,86.1,195.4,5,895.2,732.6,28,261.9,92.93,239.87,1466.77,2357.3,5.41,2,0.486
8.536403,0,194.9,219.7,11,897.7,712.9,28,158.4,92.94,158.67,1056.68,2271.0,9.54,4,0.798
13.461329,0,185.3,166.7,15.6,1074.5,678,28,150.7,106.93,158.20,1099.84,2365.2,8.37,3,0.637
32.245415,0,89.6,198.7,10.6,931.3,762.2,28,272.6,104.29,250.38,1573.04,2347.1,7.55,3,0.609
23.524231,117.6,91.7,182.9,7.1,953.4,780.3,28,149,86.12,151.04,991.02,2360.7,7.13,3,0.614
29.726068,169.4,142.7,190.7,8.4,967.4,643.5,28,143,92.36,149.99,991.01,2341.8,6.16,2,0.524
49.773273,100.6,78.4,170.6,10.4,935.7,762.9,28,259.9,108.44,244.55,1541.05,2404.0,5.59,1,0.440
52.446370,160.5,0,177.6,9.6,916.6,759.5,28,312.9,113.59,288.35,1781.12,2422.0,5.04,1,0.402
40.934880,119.7,0,168.3,7.2,970.4,794.2,28,284,101.52,260.35,1607.70,2427.2,5.32,1,0.443
44.868340,0,0,181.9,3.4,985.8,816.8,28,336.5,90.33,293.16,1759.81,2398.9,5.91,2,0.541
13.202086,0,133.6,180.8,11.1,979.5,811.5,28,144.8,91.94,147.79,1005.81,2347.3,9.99,4,0.804
37.431652,236.8,0,173.8,11.9,1069.3,674.8,28,150,103.87,161.27,1092.91,2410.0,6.66,2,0.512
29.870860,170.2,132.6,191.6,8.5,814.1,805.3,28,143.7,93.04,151.38,998.88,2342.7,6.28,2,0.533
56.619080,169.6,0,194.9,8.1,811,802.3,28,330.5,111.42,301.35,1838.18,2395.2,4.99,1,0.418
12.459520,0,142.8,193.3,9.1,1047.4,696.7,28,154.8,86.81,152.97,1016.71,2324.3,9.53,4,0.804
23.786922,183.4,0,193.3,9.1,877.2,867.7,28,154.8,93.49,160.15,1060.93,2370.5,7.76,3,0.641
13.293787,0,165.7,180.2,10,961,804.9,28,134.7,88.41,138.68,943.92,2339.2,9.36,4,0.770
39.421480,112.3,87.5,177.9,10.4,909.7,744.5,28,266.2,109.72,250.18,1570.54,2391.9,5.47,1,0.435
46.234190,145.3,113.2,178.9,8,869.1,690.2,28,314,111.05,287.91,1758.22,2394.0,4.29,1,0.359
44.523600,144.7,0,127.3,8,999.7,822.2,28,312.7,110.55,286.51,1764.28,2504.8,3.85,0,0.297
23.744175,172.6,0,181.9,3.4,985.8,816.8,28,145.7,75.91,145.34,933.91,2382.7,6.94,3,0.641
26.147688,136.3,106.2,178.1,7.5,941.5,774.3,28,143.8,88.17,148.36,978.60,2367.0,6.60,3,0.563
15.526310,0,182.1,181.4,15,838.9,884.3,28,148.1,104.92,156.18,1080.37,2340.0,9.05,4,0.705
43.578330,116.8,91,190.6,7,946.5,665.6,28,277,100.92,254.65,1566.00,2369.1,5.21,1,0.448
35.865852,0,107.5,163.6,12.8,953.2,784,28,298.1,115.74,274.61,1728.99,2409.2,6.09,2,0.451
41.053470,145,0,178.5,8,1001.9,688.7,28,313.3,107.98,285.71,1754.06,2417.8,5.03,1,0.416
28.991087,183.9,143.2,193.8,9.2,879.6,698.5,28,155.2,97.00,161.80,1062.02,2340.4,5.95,2,0.499
46.247290,133.7,0,194.9,5.5,924.1,760.1,28,289,96.82,262.54,1602.34,2382.8,5.57,2,0.492
26.922659,175.1,0,171.2,2.2,1000,828.5,28,147.8,73.40,145.93,928.60,2400.4,6.29,3,0.595
10.535883,0,178.9,201.7,7.8,824,868.7,28,145.4,83.15,145.03,956.92,2300.3,9.18,4,0.798
25.103820,0,0,178.1,8,999.7,822.2,28,312.7,100.62,279.29,1720.97,2405.2,6.97,3,0.570
29.073135,161.6,125.8,171.6,10.4,922.6,764.4,28,136.4,97.60,147.23,995.09,2377.4,6.26,2,0.503
9.738159,0,142.8,193.3,9.1,877.2,867.7,28,154.8,87.41,153.83,1020.19,2324.4,9.53,4,0.804
33.798800,98.8,77,188.6,6.5,919,749.3,28,255.3,95.86,235.77,1458.05,2369.7,5.71,2,0.496
37.171032,105.1,81.8,209.7,9,904,679.7,28,272.8,104.44,252.77,1570.30,2338.5,6.14,2,0.517
33.762260,190.1,148.1,178.8,18.8,838.1,741.4,28,162,126.35,179.53,1240.59,2374.3,6.32,1,0.444
16.503986,144.2,112.3,220.1,10.1,923.2,657.9,28,153.6,95.15,158.79,1052.64,2298.9,7.78,4,0.654
19.987910,114.6,89.3,201.9,8.8,860,829.5,28,146.5,89.77,150.86,1001.36,2329.7,8.18,4,0.692
36.349865,178.1,138.7,167.5,18.3,944,694.6,28,151.8,123.08,169.83,1185.39,2392.3,6.39,1,0.444
38.215588,142.8,111.2,167.8,22.1,913.9,651.2,28,309.9,150.71,301.13,1949.57,2424.2,5.38,0,0.342
15.423578,0,174.9,158.4,17.9,942.7,844.5,28,143.6,113.25,155.94,1106.73,2382.3,8.37,3,0.637
33.419590,139.9,0,213.5,6.2,895.5,722.5,28,303.6,100.02,275.15,1675.85,2354.9,5.84,2,0.514
39.056057,0,0,190.2,6.7,1013.2,730.4,28,374.3,103.73,327.39,1976.76,2393.8,5.98,2,0.508
27.681082,148.9,116,175.1,15,953.3,719.7,28,158.6,112.17,169.83,1159.41,2379.8,6.81,2,0.504
26.859917,238.7,0,200,6.3,1001.8,683.9,28,152.6,87.31,156.53,1017.00,2361.5,6.63,3,0.582
45.304780,142.8,0,167.9,10,914.3,804,28,310,113.99,286.00,1772.72,2436.8,5.06,1,0.396
30.123207,0,99.6,196,9.8,959.4,705.2,28,304.8,106.19,275.60,1706.70,2354.4,6.59,2,0.538
15.569747,0,183.9,166.6,11.6,991.2,772.2,28,150.9,95.91,154.06,1043.38,2362.6,8.11,3,0.638
44.611855,166.6,129.7,173.5,10.9,882.6,785.3,28,141.9,100.06,152.68,1028.67,2375.2,6.16,2,0.492
53.524710,137.2,106.9,201.3,6,878.4,655.3,28,297.8,101.68,271.40,1647.93,2352.3,4.82,1,0.427
57.218235,164.2,0,190.5,4.6,870,774,28,321.3,100.14,289.34,1743.62,2397.7,4.68,1,0.421
65.909080,187,0,191.3,6.6,824.3,756.9,28,366,112.49,329.14,1980.72,2407.6,4.31,1,0.371
52.826960,128.9,100.4,172.4,9.5,825.1,804.9,28,279.8,110.53,261.52,1625.13,2401.7,4.82,1,0.389
33.399597,97.1,75.6,193.8,8.3,835.5,821.4,28,252.1,100.47,235.50,1470.22,2361.9,6.14,2,0.517
18.033934,0,150.4,181.6,11.7,1023.3,728.9,28,164.6,96.22,164.48,1102.82,2346.3,8.98,4,0.713
37.363396,243.5,0,180.3,10.7,1022,697.7,28,155.6,101.32,164.75,1101.20,2399.5,6.49,2,0.515
35.314270,188,146.4,203.2,11.3,828.7,709.7,28,160.2,103.52,168.55,1115.13,2326.7,6.24,2,0.510
42.644090,0,107,186.4,6.1,879,815.2,28,298.1,95.85,266.50,1625.67,2365.1,5.90,2,0.514
40.062004,0,126.5,209.7,5.7,860.5,736.6,28,317.9,96.41,281.78,1703.41,2324.8,5.97,2,0.533
43.798275,120.5,93.9,187.6,9.2,904.4,695.9,28,287.3,108.95,266.07,1647.44,2377.4,5.18,1,0.426
61.235810,166.4,0,174,8.9,881.6,790,28,325.6,113.76,298.35,1831.06,2430.3,4.70,1,0.379
40.868690,0,141.6,193.3,11,801.4,778.4,28,355.9,117.41,319.72,1958.64,2360.0,5.49,1,0.438
33.306520,206.5,160.9,178.9,5.5,866.9,735.6,28,132,86.07,140.13,911.01,2357.3,5.09,2,0.454
52.426376,148.6,0,185.8,8.5,951,709.5,28,322.5,110.50,293.99,1802.98,2407.7,5.11,1,0.421
15.091250,0,200.1,181.2,12.6,849.3,846,28,164.2,100.46,166.53,1117.24,2337.5,8.10,3,0.637
38.461040,0,112.6,169.9,10.1,925.3,782.9,28,313.8,109.88,284.19,1758.89,2397.8,5.64,1,0.446
37.265488,0,127.9,182.5,11.5,870.1,779.7,28,321.4,114.66,292.11,1811.67,2375.7,5.86,2,0.458
35.225330,163.9,127.7,236.7,5.8,868.6,655.6,28,139.7,81.96,143.23,927.08,2264.2,7.49,4,0.681
42.140083,121,0,177.4,7,907.9,829.5,28,288.4,101.31,263.83,1623.88,2412.5,5.46,2,0.461
31.875164,0,107,209.7,11.1,879.6,744.2,28,298.2,108.81,271.89,1694.13,2329.6,7.16,3,0.579
41.542310,111,86.5,195.5,5.9,832.6,790.4,28,264.5,96.05,243.38,1493.19,2358.3,5.46,2,0.482
39.455950,250,0,168.4,12.2,1049.3,688.2,28,159.8,106.92,170.36,1146.18,2422.4,6.17,2,0.468
37.917040,259.7,0,183.2,12.7,858.8,826.8,28,166,109.48,176.96,1183.76,2399.5,6.39,2,0.490
44.284355,116,90.3,179.6,8.9,870.1,768.3,28,276.4,107.01,257.02,1595.57,2389.3,5.16,1,0.424
31.178795,0,115.6,196,10.4,817.9,813.4,28,322.2,110.85,291.28,1796.84,2354.6,6.19,2,0.501
23.696600,139.4,108.6,192.7,6.1,892.4,780,28,148.5,84.41,150.55,977.06,2341.8,6.70,3,0.593
32.768036,186.7,0,175.6,11.3,989.6,788.9,28,159.1,100.93,166.25,1115.78,2403.4,7.33,3,0.569
32.401234,100.5,78.3,200.6,8.6,864.5,761.5,28,260.9,102.17,242.85,1512.83,2351.9,6.14,2,0.517
