Test acc,Training acc,Test time,Training time,Epochs,Training size,Batchsize,Learning rate,Momentum,EpochLrDecrease,Backprop prob,Seed,Hidden Units1
8,9.855769,0.0008592,0.0444848,2,416,21,0.20120277,0.3592618,0.2640888,0.76501864,96883,38
8,8.616779,0.0003919,0.0114388,3,441,66,0.9864121,0.6815405,0.9907013,0.44081935,64518,44
8,7.920792,0.0005737,0.0101376,4,303,62,0.37105188,0.39880618,0.082593724,0.13624963,86070,35
8,6.4864864,0.0003221,0.0039,5,185,136,0.5837812,0.044165716,0.8509596,0.22920604,57037,25
15.000001,11.4832535,0.000442,0.0010247,1,209,170,0.91593546,0.6978628,0.3441187,0.63393617,43397,42
8,11.210762,0.0003886,0.0052577,3,223,105,0.88069975,0.03491842,0.7116349,0.4829349,35882,44
8,0,0.0006386,1.86E-05,5,105,131,0.68302095,0.35059485,0.20075098,0.7232,19366,32
9,10.606061,0.0003461,0.0061736,4,198,94,0.8019221,0.9762595,0.84010476,0.5780874,3601,30
24,12.692308,0.0010342,0.0038836,2,260,149,0.87759703,0.49646363,0.13614611,0.7290229,46604,49
8,9.589041,0.0004872,0.0235673,4,438,33,0.59989846,0.46257484,0.11116103,0.6952536,33926,37
12,9.289618,0.0004089,0.0039338,2,366,97,0.05261735,0.7849759,0.98521405,0.35456958,93416,41
10,11.585366,0.0003322,0.0011925,2,164,85,0.4543786,0.38680404,0.89383703,0.76952106,50649,47
13,25.615765,0.0004558,0.0029517,2,203,158,0.097508505,0.9031486,0.20677072,0.9442361,61737,39
15.000001,14.730878,0.0004836,0.0130417,5,353,145,0.53841597,0.98151106,0.019791136,0.2862727,67303,37
11,8.872902,0.0002855,0.003034,2,417,148,0.067956075,0.94950414,0.97855103,0.83493304,71531,28
2,14.285715,0.0002782,0.0015605,2,385,196,0.04074888,0.8782521,0.39717105,0.08443071,34746,29
11,4.0339704,0.000719,0.0025024,1,471,158,0.6387863,0.030480398,0.0023123967,0.23231252,80799,35
8,10.4838705,0.0005812,0.0089591,3,248,112,0.28403598,0.47562557,0.35420984,0.71088386,39398,34
14,4.973822,0.0003001,0.0028989,2,382,132,0.7556895,0.36998266,0.462622,0.2488094,116,25
22,18.141594,0.0008846,0.011993,4,226,190,0.89263624,0.13630222,0.5407062,0.8240238,97342,48
8,5.4755044,0.0003229,0.0045213,4,347,199,0.5684347,0.34800625,0.64425784,0.7388111,72112,23
17,11.255411,0.0006679,0.0043112,2,231,95,0.67223984,0.6667368,0.72903323,0.2588153,70219,33
8,8.86918,0.0005893,0.0152515,3,451,71,0.66029376,0.7064382,0.6650257,0.87412256,63336,33
8,9.170305,0.0003566,0.0053282,3,229,49,0.3331804,0.5054731,0.14952792,0.71834475,33618,21
8,8.838384,0.0003742,0.0090898,3,396,89,0.716322,0.30517653,0.9576495,0.39955884,74348,42
8,8.284023,0.0003155,0.0096472,5,338,88,0.56775737,0.55601335,0.91164994,0.8229946,14965,29
8,10.8013935,0.0003826,0.0092183,4,287,92,0.7971972,0.262938,0.054629307,0.5899703,61744,43
8,10.344828,0.0009257,0.0167316,3,290,23,0.91617745,0.023159267,0.7020382,0.47953612,74866,48
8,8.985508,0.0003759,0.0020083,1,345,151,0.16675806,0.18012698,0.0065643094,0.26508942,11296,43
9,10.714286,0.000268,0.0074648,5,308,127,0.62457585,0.25321373,0.54760617,0.40574738,67702,31
14,12.45283,0.0003264,0.0050958,2,265,41,0.24536712,0.044602074,0.48230097,0.28517354,43459,22
8,7.076923,0.0003691,0.0060699,4,325,112,0.9219758,0.6644265,0.2963738,0.8281736,44976,43
8,8.599508,0.0004735,0.0178175,4,407,51,0.33525535,0.07073457,0.07632377,0.4753266,1948,37
8,8.143322,0.0004482,0.0024507,1,307,72,0.37090704,0.16398923,0.35000455,0.7801565,72274,38
12,8.868502,0.0004569,0.0011718,1,327,183,0.83451986,0.5912027,0.29231784,0.56828964,3191,38
21,22.939867,0.0002683,0.0087218,5,449,194,0.033200108,0.050671626,0.14118434,0.15967034,24456,31
10,17.037037,0.0003381,0.0063322,4,135,33,0.49002352,0.2433654,0.6650236,0.3384529,32173,47
8,7.2961373,0.0003022,0.0048758,3,466,166,0.7482191,0.4311889,0.32169947,0.0652925,66225,24
8,11.153846,0.0002791,0.0041357,2,260,83,0.94745845,0.14785117,0.8126861,0.09886447,21518,29
16,10.874704,0.00034,0.0067181,3,423,126,0.062509336,0.2670441,0.15178786,0.74218667,91353,28
8,7.9741383,0.0006081,0.0143916,5,464,184,0.78367704,0.4434319,0.34312668,0.51756257,43056,33
8,9.403669,0.0005435,0.0180546,4,436,47,0.7753936,0.5022042,0.22838174,0.62350154,53215,47
13,20.114943,0.0028312,0.0138276,4,174,159,0.6921607,0.18648745,0.46735385,0.77874964,21138,33
8,0,0.000298,9.6E-06,2,143,186,0.28328413,0.09331995,0.33324072,0.7495165,52007,49
8,13.211844,0.0001719,0.0013101,1,439,114,0.75195074,0.25458187,0.8071122,0.10644172,95743,43
9,14.698163,0.0001725,0.0029014,2,381,114,0.7069121,0.29432204,0.57022333,0.76817477,97349,35
36,17.391304,0.0001814,0.0007037,2,115,77,0.0029945064,0.09360958,0.88785946,0.55386746,79269,42
9,10.778442,0.0001845,0.001533,2,167,51,0.8005677,0.23915379,0.7782383,0.67540115,13322,36
14,11.111112,0.0001831,0.0006215,1,126,35,0.6112253,0.087912336,0.65275085,0.359861,90697,49
8,8.4862385,0.0001698,0.0014357,1,436,137,0.998522,0.14311926,0.2687161,0.57510704,53373,30
9,10.646388,0.0001657,0.0031258,4,263,111,0.97909135,0.4741383,0.22689281,0.7763067,73974,36
8,10.714286,0.0001663,0.0025789,4,168,142,0.20304376,0.83346635,0.523134,0.10894173,99560,25
8,8.674699,0.0002071,0.0080885,2,415,86,0.26799902,0.77120167,0.13949321,0.88068074,84416,33
21,9.60334,0.000165,0.002972,2,479,140,0.06462106,0.6395655,0.57622933,0.5617085,53084,22
9,10.2649,0.0001586,0.0051258,4,302,56,0.49879292,0.09657174,0.29491347,0.6429651,87400,21
17,11.620795,0.00017,0.0009445,1,327,84,0.12080308,0.56282246,0.6323897,0.5154277,48240,32
28,36.11111,0.0002571,0.0020091,4,144,132,0.317101,0.9330179,0.042347424,0.8973562,97695,43
8,12.732919,0.0001963,0.0077621,4,322,26,0.08849401,0.6853889,0.38039535,0.10654613,5646,47
8,9.2274685,0.0001923,0.0025502,2,466,172,0.45983467,0.69046736,0.12176892,0.6977244,83094,23
7,8.196721,0.0002107,0.0068135,3,488,82,0.19003452,0.61062163,0.28605628,0.119014144,913,48
8,9.497207,0.0002005,0.0057938,4,358,168,0.9654753,0.6613778,0.2560438,0.2888328,90988,38
28,21.956522,0.0001669,0.0074504,5,460,122,0.12572584,0.20607294,0.37821484,0.2380318,48906,45
11,9.565217,0.0001999,0.0015479,3,115,105,0.7970789,0.091404915,0.9668405,0.17090751,73101,48
8,17.788462,0.000174,0.0029331,2,416,119,0.06422703,0.93555814,0.64755714,0.8916556,19392,20
8,9.382716,0.0001622,0.0051918,4,405,187,0.55297494,0.9865726,0.25884134,0.82684094,29304,27
8,8.484849,0.0001696,0.0055038,4,495,146,0.861106,0.017759386,0.28718758,0.58143485,88839,22
34,5.1282053,0.0001674,0.000553,1,312,162,0.7505448,0.09032523,0.84439105,0.17085525,75844,22
9,5.185185,0.0001702,0.0012047,1,405,176,0.47275588,0.486244,0.12531666,0.75915694,3875,20
8,10.439561,0.0002119,0.0066155,4,182,174,0.6623007,0.9448617,0.97352403,0.6842434,30806,50
9,0,0.000188,1.46E-05,4,103,175,0.26921052,0.061110083,0.08814573,0.9427989,86640,39
8,13.333334,0.0001802,0.0010598,1,240,41,0.5122177,0.2795077,0.74860626,0.991298,47338,30
8,7.434944,0.0001812,0.0038164,5,269,90,0.93285096,0.3045189,0.81342643,0.42425644,59196,47
8,8.735632,0.0001713,0.0034766,2,435,64,0.47711185,0.9843063,0.19238576,0.75400203,26116,42
8,10.085836,0.0001812,0.0057991,3,466,90,0.8562088,0.025320495,0.50916606,0.80272335,41692,49
8,10.599078,0.0001635,0.0030984,5,217,84,0.65588355,0.89083654,0.4182789,0.74498653,5391,29
9,8.695652,0.0001592,0.0016034,2,230,58,0.88880444,0.9323077,0.6953095,0.1328141,84186,28
32,30.476192,0.0001687,0.003319,5,105,20,0.08370081,0.42167288,0.2197807,0.75065494,40315,41
8,9.93228,0.0001603,0.0041143,2,443,55,0.43455955,0.21267354,0.87894,0.7894173,98638,26
8,8.496733,0.0001918,0.0052319,5,306,82,0.9594554,0.92050916,0.65692484,0.15902703,71021,47
14,9.2511015,0.0001749,0.0008522,1,227,73,0.2098979,0.82478833,0.5696587,0.21907294,67634,28
11,13.461539,0.0003034,0.0036048,5,208,82,0.32104185,0.52055764,0.15108307,0.5935118,26204,50
12,13.550136,0.0001581,0.0051792,5,369,170,0.92863363,0.43811494,0.13839887,0.95084524,76710,31
8,7.786885,0.0001755,0.0077183,5,488,100,0.9266969,0.44575396,0.7174343,0.6723269,43573,37
8,10.116732,0.0001703,0.0035823,4,257,69,0.4390324,0.56890184,0.9357008,0.40922514,24351,31
8,11.764706,0.0001931,0.0003599,1,119,90,0.8853407,0.40001526,0.42288274,0.18173252,31350,32
8,8.158508,0.0001627,0.005633,5,429,193,0.17986207,0.26632938,0.5926075,0.28651583,72356,39
8,7.1161046,0.0001606,0.0017262,2,267,114,0.5886292,0.99889946,0.069898784,0.54896814,66011,29
17,12.890625,0.0001734,0.0065986,5,256,29,0.16681592,0.63224864,0.30640203,0.4906625,54190,31
23,19.313305,0.00016,0.0030439,5,233,189,0.9639775,0.86973137,0.04995029,0.45725495,79593,22
8,7.8717203,0.0001582,0.004617,4,343,91,0.81311655,0.30516464,0.07000589,0.16419038,40872,41
10,12.780269,0.0001829,0.0014909,1,446,117,0.21571197,0.6022009,0.82964504,0.43773544,28934,39
8,10.930233,0.0001651,0.0025963,2,430,125,0.9344901,0.4795638,0.005439788,0.8183833,31314,31
8,10.749186,0.0001524,0.0049558,5,307,35,0.99749684,0.5296122,0.6707475,0.07851662,62339,20
8,9.635975,0.0001678,0.0042195,3,467,147,0.5356058,0.81867796,0.37527987,0.28307363,28171,41
8,11.023622,0.000163,0.0027748,5,127,36,0.87955904,0.080756254,0.33444557,0.15809548,19824,39
8,8.801956,0.0001648,0.0029035,2,409,91,0.13943423,0.6425539,0.41816244,0.63420475,21039,31
14,6.5708423,0.0001661,0.0020893,2,487,171,0.9040231,0.41773885,0.84294015,0.2687327,81615,29
28,15.625,0.0001586,0.0047884,4,160,158,0.12019606,0.29546347,0.26520807,0.8760121,29242,21
8,9.186352,0.000168,0.0035135,3,381,171,0.7625427,0.0069318265,0.13721263,0.9123533,57790,33
8,9.502263,0.000163,0.0078119,4,442,48,0.60039186,0.3176368,0.6010879,0.6389421,87861,37
12,9.090909,0.0001718,0.0020267,4,176,141,0.88809645,0.8576568,0.7236222,0.92910385,52417,28
8,11.627908,0.0001988,0.0011622,1,301,140,0.31484553,0.5245425,0.67197883,0.22757395,7651,39
8,9.189189,0.0001822,0.0055219,3,370,34,0.8473632,0.69066805,0.53988594,0.7314527,57151,49
9,9.871244,0.0001866,0.0028661,3,233,69,0.6153916,0.2504294,0.6887648,0.58058584,47920,50
13,8.653847,0.0001692,0.0005106,2,104,62,0.2330333,0.5702935,0.54078454,0.96852845,38529,32
8,7.4468083,0.0001738,0.0021069,2,470,108,0.51550335,0.87095964,0.5058724,0.04109603,47903,23
7,6.382979,0.0001646,0.0002367,1,141,117,0.20596074,0.2861012,0.2627545,0.021759603,33495,20
8,9.065934,0.0001739,0.0057781,4,364,93,0.846479,0.8380294,0.15254013,0.17035307,6314,42
5,0,0.0001732,6E-06,1,169,193,0.7579111,0.28832945,0.65794706,0.23611964,77151,25
11,11.428572,0.0002083,0.0025768,4,175,165,0.81409574,0.39193815,0.51212746,0.96236974,356,40
11,6.117647,0.0003305,0.0011515,1,425,176,0.9690424,0.19867308,0.17246734,0.53914934,95922,21
8,6.8041234,0.0001797,0.0054212,5,485,169,0.82258064,0.6625434,0.24488619,0.55931646,27556,35
8,7.960199,0.0001672,0.0011545,2,201,155,0.38717857,0.8008837,0.5070377,0.40596205,2880,23
8,12.974684,0.0001601,0.0018901,2,316,88,0.19905841,0.26464486,0.19956832,0.60961735,85373,29
8,6.185567,0.0001721,0.0025462,2,485,196,0.9955058,0.40303403,0.36029118,0.64865935,20904,35
8,9.795918,0.0001841,0.0083093,5,490,160,0.34872332,0.5214733,0.5407449,0.2720108,19356,50
8,8.053691,0.0001719,0.0057075,5,447,181,0.17286626,0.784399,0.6467259,0.33079496,67677,35
6,5.882353,0.0001733,0.0016089,2,204,20,0.35926822,0.92048895,0.7542929,0.0017551403,62407,23
11,15.759312,0.0001804,0.006066,2,349,86,0.0633671,0.69909793,0.38603652,0.6557246,73134,31
8,8,0.0001552,0.0042772,5,300,114,0.98740333,0.4150817,0.8826278,0.63751495,16413,22
10,7.534247,0.0001655,0.0018811,3,292,167,0.7945292,0.7947313,0.2316814,0.2265907,2115,38
8,10.249308,0.0001899,0.0026208,2,361,176,0.7366709,0.0041707475,0.07951454,0.73319006,98364,28
8,9.770115,0.0001763,0.007913,5,348,33,0.6508338,0.06326941,0.76163894,0.9133309,86802,31
9,13.746632,0.0001621,0.0059247,5,371,116,0.3845741,0.8760153,0.6312137,0.6123636,23161,27
8,10.810811,0.0001519,0.0041536,3,296,28,0.85327715,0.45898038,0.35128805,0.8828434,1684,23
21,5,0.0001658,0.0008694,2,200,116,0.74261254,0.9506618,0.08175647,0.45906672,80620,25
7,0,0.0002146,4.7E-06,1,123,125,0.75071776,0.6521906,0.019230409,0.50739646,21802,41
8,11.111112,0.0001609,0.0073222,5,333,41,0.13627195,0.91526383,0.7609205,0.8791789,11684,29
8,6.8965516,0.0001604,0.0046546,5,406,151,0.7473792,0.5110208,0.7303242,0.8325496,90500,25
8,10.942249,0.0001601,0.0049046,5,329,155,0.16281489,0.758224,0.32877737,0.6760412,62689,23
35,28.53598,0.0001917,0.0022164,1,403,21,0.050781813,0.6895408,0.6211098,0.52153784,14532,31
8,7.2463765,0.0001715,0.0061839,5,414,90,0.91096306,0.24016355,0.7307929,0.89355904,8607,42
16,14.968152,0.0001703,0.0027107,3,314,92,0.7761075,0.45540032,0.7353939,0.984071,60043,25
8,8.81356,0.0001615,0.0009438,2,295,180,0.7438371,0.30740663,0.94585377,0.41845074,3933,32
29,17.824774,0.0001567,0.0010293,1,331,102,0.6176945,0.95592237,0.5861679,0.48076543,41752,22
27.000002,28.37838,0.0001752,0.0036917,5,222,68,0.07465964,0.8576421,0.29258668,0.22521332,25742,42
8,11.19403,0.0001709,0.0009047,2,268,148,0.76613617,0.4784563,0.26225632,0.7000826,73551,43
8,11.186441,0.0001712,0.0039525,4,295,93,0.31512657,0.5114667,0.9554606,0.3667419,71529,42
8,10.071942,0.0001679,0.0049835,4,278,43,0.48420033,0.446886,0.88563454,0.6425258,35642,45
8,5.8165545,0.0001693,0.0038274,4,447,157,0.89780647,0.20292598,0.7847479,0.52060336,66297,45
8,9.670782,0.0001497,0.0130724,5,486,20,0.3672325,0.7440858,0.9028516,0.5520991,24607,25
19,14.363144,0.0001542,0.002954,3,369,176,0.039954312,0.71261495,0.5385093,0.2451365,68212,32
8,8.4862385,0.0001662,0.0042706,4,436,187,0.8987272,0.61073077,0.7962523,0.17080946,83870,40
2,0,0.0001767,5.3E-06,1,157,188,0.39563268,0.84117645,0.036255587,0.6485224,46728,49
24,20.762712,0.0001688,0.0102137,4,472,49,0.09108273,0.74415815,0.40577316,0.16073881,78168,47
8,9.3199,0.0001732,0.0054906,4,397,94,0.88358444,0.8371009,0.8949296,0.5578457,92303,35
15.000001,9.307877,0.0001778,0.0008879,1,419,168,0.58874667,0.7256701,0.5440644,0.21794365,68710,40
13,11.824324,0.0001579,0.0040849,4,296,49,0.988528,0.03407139,0.123240046,0.4256675,87641,26
8,8.759124,0.0001632,0.0026634,2,411,75,0.8044462,0.1407226,0.43020293,0.9351769,50180,23
14,9.5,0.0001678,0.0004199,1,200,149,0.9034618,0.22159709,0.5024218,0.7516635,45440,23
43,29.15129,0.0001841,0.0016848,3,271,165,0.009058316,0.7209725,0.07230735,0.9171617,23079,48
8,10.946746,0.0001767,0.0042249,3,338,67,0.51560307,0.9475766,0.7514494,0.2809406,81663,50
13,10.040983,0.0001791,0.0011529,1,488,197,0.34949315,0.20173854,0.38543496,0.7598777,63002,46
8,10.05291,0.0001515,0.0047029,5,189,26,0.6568865,0.2441997,0.4062264,0.5438335,88587,32
9,11.30064,0.0001614,0.0081308,5,469,113,0.34044793,0.7162362,0.033583604,0.488061,46053,28
8,10.942249,0.0001745,0.003997,4,329,163,0.6530775,0.5126056,0.9821712,0.24517785,12947,36
9,7.941177,0.0001582,0.0024981,3,340,128,0.38485467,0.08378797,0.959781,0.9687821,94066,28
24,23.456789,0.0001712,0.0015213,3,243,185,0.99248636,0.4937708,0.062073678,0.7059458,69990,33
20,11.883408,0.0001832,0.0014593,1,446,101,0.6384627,0.9645765,0.29440388,0.3881492,19495,50
15.000001,14.925373,0.0001637,0.0019623,2,335,164,0.95899767,0.0032417884,0.48649922,0.6435094,86994,36
8,10.658307,0.000161,0.0043702,4,319,49,0.8789835,0.28712896,0.5989778,0.7284607,86600,30
11,4.0697675,0.0001539,0.0008548,5,172,87,0.83529013,0.47447345,0.7125301,0.017644836,17159,23
10,9.221312,0.0001561,0.0014325,1,488,106,0.41987115,0.4148371,0.2823916,0.088950254,34065,28
11,12.7314825,0.0001623,0.0010696,1,432,197,0.6494458,0.649217,0.24351895,0.49352998,69258,29
27.000002,17.80822,0.0001575,0.0012387,3,219,156,0.058749925,0.72604066,0.06728895,0.18026792,46025,40
8,17.241379,0.0001609,0.0009781,2,145,70,0.21819244,0.48463574,0.89203894,0.8626455,88756,21
19,8.609272,0.000165,0.0003854,1,151,114,0.37262297,0.84765273,0.9833097,0.38851956,64454,27
8,11.693548,0.0001633,0.0037082,4,248,47,0.4482327,0.6171642,0.5345522,0.30864918,59194,26
30.000002,35.19164,0.0001556,0.0047035,3,287,20,0.04322396,0.4808864,0.8746605,0.44400182,24043,36
14,9.132421,0.0001658,0.001922,3,219,198,0.25316685,0.9717957,0.38748825,0.8784661,40242,46
8,12.135922,0.0001517,0.0021708,1,412,28,0.62806183,0.70905364,0.013135996,0.9658323,74095,28
8,8.285714,0.0001631,0.0023784,3,350,120,0.45320466,0.9136723,0.4074407,0.4514485,62254,46
8,8.923077,0.0001558,0.002606,4,325,95,0.39200407,0.59640855,0.7830613,0.056676798,40,30
22,12.592593,0.0001741,0.0002669,1,135,82,0.71316105,0.46237049,0.3257564,0.8606425,56951,24
8,8.144796,0.0001475,0.006929,4,442,37,0.15502566,0.8815795,0.72633183,0.42519727,85368,24
8,13.392857,0.0001721,0.0009046,4,112,58,0.48325,0.89101434,0.51202023,0.23431185,81507,34
8,5.3691278,0.000213,0.0004122,1,149,111,0.33001614,0.35990632,0.92155695,0.38378876,45920,38
13,10.455764,0.0001744,0.0011704,1,373,88,0.871889,0.6840526,0.08522902,0.37723073,17502,38
8,6.666667,0.0001614,0.0017671,2,435,157,0.6416901,0.62222445,0.14903109,0.30412692,35021,40
15.000001,14.901961,0.0001561,0.0025378,2,255,22,0.23458198,0.13735817,0.31601977,0.11056277,3424,39
17,13.278009,0.0001632,0.003147,4,241,104,0.37663308,0.9981554,0.15422016,0.2925235,8142,47
8,8.163265,0.0001695,0.0031953,5,196,153,0.54784817,0.5512657,0.71165204,0.74954003,1194,40
8,4.910714,0.0001763,0.0003991,1,224,120,0.5079908,0.85182714,0.93801844,0.850215,36761,47
33,21.451103,0.0001644,0.0009616,1,317,153,0.020831611,0.19845444,0.3839759,0.284144,46131,41
8,11.111112,0.0001471,0.0012197,2,144,33,0.7558757,0.49146786,0.84498996,0.18736821,7276,32
8,7.017544,0.0001729,0.0008075,1,285,134,0.56037045,0.18480116,0.3626876,0.4865071,27121,30
8,9.638554,0.0001645,0.0022264,5,249,149,0.5312771,0.6271537,0.2753065,0.52709234,84466,38
19,3.6036036,0.000158,0.0008739,3,111,65,0.5316424,0.65391904,0.79869294,0.54188687,82154,23
9,7.716049,0.0001523,0.0024454,5,324,175,0.47801366,0.89267313,0.15665583,0.11847592,2057,31
22,26.480835,0.0001586,0.0015208,3,287,176,0.568989,0.15833832,0.70865536,0.116740786,59604,39
10,8.583691,0.000156,0.0015447,3,233,177,0.40327042,0.8830465,0.11484197,0.32770914,78778,30
8,9.113924,0.0001626,0.0087613,4,395,26,0.7059227,0.37028226,0.6574785,0.70000106,96102,39
8,7.913669,0.0001749,0.0040809,5,417,114,0.7640372,0.32800737,0.6414527,0.08557605,85111,47
13,11.486486,0.0001417,0.0010722,1,296,45,0.82193726,0.95136076,0.958723,0.64285016,35191,32
8,10.035843,0.0001876,0.003762,4,279,129,0.5898439,0.3923314,0.9150322,0.7317649,29573,49
8,9.655172,0.0009381,0.0006868,1,145,22,0.11314071,0.52921116,0.45665455,0.2742091,60904,37
8,8.764045,0.0002045,0.003736,2,445,52,0.8114459,0.042927366,0.66411316,0.16516536,30272,34
18,0,0.0002076,2.12E-05,5,145,150,0.2449413,0.47058162,0.37480712,0.9056634,27937,34
11,6.8627453,0.0001984,0.0002552,1,102,78,0.62829834,0.10989782,0.65539396,0.09375191,29719,27
8,5.9760957,0.0001739,0.000816,3,251,132,0.72981495,0.77319914,0.9058191,0.034796905,6,36
14,4.0462427,0.0001745,0.0005198,1,173,119,0.9045874,0.46482417,0.5009237,0.43129504,60403,36
8,12.765958,0.0001608,0.0037228,4,188,22,0.11904116,0.37856337,0.816797,0.9306023,25563,33
10,7.945205,0.0001708,0.0046285,5,365,150,0.24876302,0.23657478,0.23418659,0.9122486,22997,47
8,5.970149,0.0001956,0.0003899,1,134,101,0.42257348,0.03941793,0.34996793,0.770228,78523,28
9,11.490684,0.0001764,0.0038813,3,322,57,0.61363125,0.19696751,0.30756018,0.17929243,60502,50
8,10.136987,0.0001576,0.0062666,5,365,118,0.5914719,0.50282663,0.5456518,0.24293786,55501,31
8,9.30851,0.0001577,0.002675,3,376,168,0.3081792,0.99542695,0.7455471,0.53221416,54987,22
7,0,0.0001617,1.82E-05,5,124,185,0.8670257,0.7600735,0.15966298,0.90934914,27172,29
8,5.365854,0.000171,0.0029799,5,410,140,0.5317976,0.9047914,0.51057947,0.04856318,10398,42
8,9.448819,0.0001889,0.008355,5,381,59,0.3739381,0.061749335,0.9882532,0.997514,78436,22
8,11.217949,0.0001552,0.0033719,3,312,78,0.91834813,0.033189468,0.42450127,0.9389992,74643,24
8,8.947369,0.0001805,0.0015012,2,190,55,0.86009294,0.46158856,0.71812123,0.72177345,35121,50
69,73.91304,0.0001566,0.0083502,4,483,34,0.035732992,0.28623974,0.6714912,0.73389393,55983,34
8,7.6354685,0.0001475,0.0023718,3,406,146,0.9501242,0.73805654,0.5939929,0.6930008,11617,32
8,8.705882,0.0001783,0.0050054,3,425,43,0.17618723,0.97506523,0.6633045,0.78140116,95537,42
25,9.090909,0.0001607,0.0004058,1,165,127,0.08115432,0.079406254,0.3120518,0.655871,48936,21
8,15.882354,0.0001605,0.0012255,2,170,83,0.8501728,0.3458663,0.23630951,0.5749307,86613,37
17,6.111111,0.0001671,0.0007511,2,180,120,0.99711406,0.4881535,0.5925921,0.43219316,13794,37
11,26.666668,0.0001716,0.0007905,2,195,145,0.038245447,0.2922815,0.78220516,0.58743125,71467,37
7,7.5208917,0.00016,0.002125,3,359,116,0.39407143,0.3682977,0.8475599,0.02957284,29561,25
8,8.641975,0.0002013,0.0054023,5,324,69,0.56846744,0.039729778,0.6797941,0.31826615,12658,43
8,10.86351,0.0001646,0.0077688,4,359,25,0.44967866,0.67516375,0.6625271,0.6796874,10335,28
20,5.6818185,0.000187,0.001035,2,264,159,0.65729326,0.6340304,0.2905319,0.6580785,49714,49
19,9.756097,0.0001549,0.0014754,2,205,46,0.13929918,0.7308248,0.1681742,0.21034329,91066,33
8,9.567198,0.0001746,0.0095578,5,439,43,0.3119275,0.5378006,0.5686652,0.5619376,78561,43
7,8.168317,0.0001748,0.0034343,3,404,36,0.2660418,0.53271425,0.49073943,0.013338242,11710,22
8,7.329843,0.0001637,0.0014861,2,191,40,0.297193,0.6553138,0.7552329,0.44867322,86859,37
8,8.206687,0.0001729,0.0034959,5,329,122,0.89960647,0.95535636,0.1280016,0.15779233,3822,42
27.000002,12.820514,0.000174,0.0010607,2,312,174,0.011495612,0.47166133,0.92003936,0.19288224,17438,40
8,9.657948,0.0001707,0.0082845,4,497,39,0.7812151,0.72284734,0.72086114,0.47758883,87787,40
8,10,0.0001529,0.0037886,5,260,104,0.69951636,0.15740481,0.88713664,0.70665723,50623,28
8,9.090909,0.0001689,0.0027105,1,484,25,0.9484152,0.12540504,0.28059217,0.8402452,18739,48
9,24.734983,0.0001891,0.0016766,3,283,199,0.46284178,0.42875704,0.9075242,0.9918754,4392,40
15.000001,14.666666,0.0001724,0.0009005,2,150,126,0.5884068,0.3120659,0.2050972,0.45892397,78685,50
28,18.235294,0.0001612,0.0024073,3,340,159,0.024601053,0.7962635,0.0298017,0.97311556,57736,24
12,14.935064,0.0001647,0.0016938,5,154,91,0.9440829,0.7759142,0.59680057,0.3983554,19572,41
9,11.267606,0.0001809,0.0028689,3,213,35,0.91626114,0.1117586,0.6866869,0.8880525,40672,39
9,11.524164,0.0001595,0.005425,5,269,53,0.4947168,0.79853266,0.10171108,0.23777701,58662,20
8,11.522634,0.0001672,0.0079842,5,243,22,0.7419432,0.55875194,0.6947578,0.74287975,2909,30
8,8.163265,0.0001748,0.0015659,1,343,39,0.76530915,0.23747008,0.07569095,0.6571638,69256,46
16,9.693877,0.0001639,0.0026298,4,196,195,0.9110879,0.9632275,0.51437604,0.43274158,38861,30
11,0,0.0001795,5.5E-06,1,171,185,0.8627087,0.040001683,0.4611178,0.14550151,2858,46
8,8.672087,0.0002359,0.0043138,3,369,53,0.34094504,0.4318284,0.12519339,0.7796929,24501,24
14,14.782609,0.0002057,0.0012413,1,345,76,0.20656149,0.17065524,0.6287065,0.23904596,91701,49
12,10.843374,5.18E-05,0.001851,5,166,106,0.120187074,0.0550948,0.29959643,0.85753834,9656,22
8,10.42654,5.78E-05,0.000742,2,211,145,0.43069607,0.9479488,0.41567665,0.66677386,90916,38
35,12.019231,5.61E-05,0.0004034,1,208,190,0.42564264,0.41943443,0.065640464,0.23406142,11472,24
9,8.539326,4.4E-05,0.0021914,4,445,129,0.96041644,0.6856408,0.4382606,0.45513815,47153,21
14,8.7786255,4.95E-05,0.0007661,4,262,195,0.5693054,0.88229555,0.5850702,0.13827522,60932,22
8,8.577878,4.75E-05,0.0018922,4,443,93,0.14446056,0.71151495,0.41091204,0.112089105,73056,23
12,0,5.77E-05,9.8E-06,4,125,170,0.77208185,0.72903174,0.37936062,0.66104627,70993,38
8,10.610932,5.4E-05,0.0030553,4,311,38,0.41371354,0.12673804,0.3537185,0.94375205,49773,47
8,9.491526,6.03E-05,0.0010546,3,295,123,0.72108686,0.06523815,0.35312182,0.2674555,84000,44
8,10.541311,5.12E-05,0.0018627,3,351,70,0.20084895,0.23605368,0.8711728,0.35138196,95464,45
8,10.0418415,4.12E-05,0.0013554,4,239,41,0.64385957,0.19811219,0.7404684,0.45524395,80724,20
9,16.049381,3.97E-05,0.0010539,3,162,23,0.171296,0.6809086,0.5906655,0.3568684,12286,21
9,0,5.67E-05,6.4E-06,2,146,185,0.41325462,0.80968344,0.58426225,0.95391136,7458,24
8,12.413793,4.48E-05,0.0006251,1,435,58,0.5571768,0.90268457,0.27244872,0.60950905,14110,25
8,9.576838,4.54E-05,0.0024443,2,449,36,0.27060348,0.93587387,0.06649273,0.90977603,19962,22
21,15.384616,3.83E-05,0.0021067,5,182,38,0.15977907,0.7467214,0.7587599,0.82248926,71622,34
22,8.296944,5.34E-05,0.0001464,1,229,121,0.810395,0.04507363,0.28845757,0.2739796,58028,39
13,18.442623,4.79E-05,0.0012829,4,244,116,0.26915565,0.18750623,0.212683,0.7877012,39642,48
8,9.049774,7.39E-05,0.0022876,4,442,82,0.22587383,0.5036348,0.74209297,0.13753663,42700,36
11,12.2377615,4.68E-05,0.001033,5,286,186,0.30304113,0.9576776,0.14368884,0.60267335,31924,23
37,17.79661,5.56E-05,0.0006876,1,472,86,0.032181393,0.13133304,0.76009774,0.76466787,84240,44
8,13.452914,0.0001205,0.0005735,2,223,69,0.50005484,0.7087246,0.6073423,0.5650183,84974,25
8,8.938547,4.61E-05,0.0007172,4,358,191,0.31072184,0.65517056,0.8182655,0.6751948,61033,26
17,9.4182825,4.31E-05,0.0003574,1,361,91,0.76342946,0.27570918,0.68395615,0.81640077,79956,33
8,5.714286,5.16E-05,0.00014,1,105,102,0.6260598,0.6628212,0.07335498,0.62160814,86504,39
14,0,5.58E-05,6.9E-06,3,126,145,0.8548024,0.5518204,0.46873358,0.5766755,26581,26
13,10.055866,4.39E-05,0.0004988,3,179,167,0.09315999,0.7772599,0.94446397,0.9863472,51730,35
8,9.433963,6.31E-05,0.0044457,5,477,48,0.32148114,0.3308084,0.32187036,0.94892585,36312,47
8,8.9514065,4.18E-05,0.0017811,4,391,89,0.62919086,0.5707995,0.32999146,0.46853614,64951,22
8,10.670732,4.17E-05,0.0004295,1,328,57,0.5330338,0.20267408,0.88069016,0.4665063,68265,22
16,9.174312,5.57E-05,0.0006367,4,218,114,0.3170707,0.25428978,0.47209287,0.8823416,64548,45
8,9.543569,4.15E-05,0.0024662,5,482,111,0.58570606,0.63658375,0.46486762,0.12794843,54057,33
8,9.9773245,6.44E-05,0.0041172,5,441,43,0.7427293,0.9169844,0.49970424,0.71123475,68015,41
9,9.368636,4.99E-05,0.0018055,2,491,42,0.7589065,0.113304056,0.2832862,0.85739005,68973,30
8,12.647059,4.66E-05,0.0006335,2,340,164,0.4711648,0.29527342,0.8942065,0.55595714,23051,26
8,9.049774,3.99E-05,0.0015425,5,221,51,0.4462539,0.59404165,0.9242266,0.861158,77216,21
9,9.535452,4.43E-05,0.0015841,3,409,96,0.50643766,0.029517513,0.9575814,0.33279434,94201,37
8,8.854166,4.21E-05,0.0008828,3,384,166,0.4214245,0.06691681,0.9722359,0.38029128,13427,20
17,7.8838177,4.32E-05,0.0002608,1,241,112,0.5846552,0.26303607,0.6975819,0.0906143,61649,32
8,9.703505,6.18E-05,0.0029803,5,371,69,0.660748,0.8263981,0.002677582,0.16034442,72654,44
8,10.884354,4.68E-05,0.0009252,5,147,63,0.8143729,0.6048758,0.5039077,0.5340951,76909,25
8,9.787234,4.51E-05,0.0004403,2,235,80,0.90484554,0.8062982,0.0690317,0.046799753,10402,37
9,13.725491,5.71E-05,0.0003961,2,255,199,0.7056428,0.48718536,0.21412346,0.631769,49791,37
8,0,4.86E-05,1.04E-05,5,108,151,0.5968443,0.9586507,0.9693883,0.50372696,92698,49
0,5.0772624,4.51E-05,0.0004664,1,453,140,0.9250335,0.1793143,0.66335756,0.3043713,29575,34
11,14.46281,4.38E-05,0.0003582,2,242,192,0.8438985,0.79773134,0.860316,0.40368947,36607,22
7,0,5.29E-05,6.4E-06,3,100,166,0.027448066,0.80391455,0.72227013,0.11711768,72678,49
15.000001,9.84127,6.22E-05,0.000929,4,315,114,0.4168305,0.5715359,0.5241738,0.0107778,50676,45
8,8.571429,5.59E-05,0.0014633,3,385,65,0.9935798,0.020946119,0.6252463,0.53789145,70637,22
28,9.881423,4.79E-05,0.0002274,1,253,177,0.70145,0.83385724,0.3404403,0.17591853,18021,48
8,7.826087,5.61E-05,0.0016404,4,345,127,0.7581265,0.72846997,0.38163993,0.51128906,23309,46
36,13.181818,5.16E-05,0.0007241,4,220,132,0.03881389,0.17913438,0.4253692,0.9493897,96459,30
7,5.357143,5.92E-05,0.0006976,2,168,47,0.66956353,0.23358676,0.6650751,0.65233505,19883,42
10,12.5,4.4E-05,0.0015078,5,264,125,0.41981977,0.88969517,0.7798755,0.2215537,68891,50
21,16.517857,5.5E-05,0.0002303,2,224,158,0.44633237,0.6098674,0.8984295,0.004632032,65374,39
8,9.722222,5.23E-05,0.0016568,5,288,122,0.43754667,0.8964865,0.1267856,0.27699947,51570,44
10,5.383023,5.22E-05,0.001193,3,483,188,0.45306152,0.10949289,0.75550336,0.025809977,77583,20
8,9.819639,4.57E-05,0.001863,3,499,124,0.9484519,0.89458174,0.61682045,0.77392274,94234,35
8,11.864407,4.87E-05,0.0005071,1,177,21,0.21402809,0.13385555,0.6189021,0.79086447,99963,42
8,3.314917,3.86E-05,0.0005892,5,181,93,0.96351945,0.5054441,0.4311548,0.980496,41331,32
9,13.043478,6.08E-05,0.0014538,5,207,61,0.07586028,0.3916739,0.6259705,0.58436555,81782,29
8,5.074627,4.14E-05,0.0006622,2,335,112,0.7779438,0.84701186,0.32042992,0.23612863,90535,36
8,12.676056,4.44E-05,0.0003566,2,142,60,0.78736067,0.24978052,0.6113036,0.6661237,37483,22
9,0,5.98E-05,4.1E-06,2,103,161,0.63865376,0.27544096,0.61335284,0.5922742,58200,30
12,0,5.46E-05,8.4E-06,4,109,142,0.54217577,0.3794519,0.082010955,0.55527633,46305,27
8,9.339408,4.35E-05,0.0011762,2,439,86,0.9938857,0.77051413,0.3107761,0.58868957,32412,35
8,6.9892473,4.9E-05,0.0007131,5,186,105,0.91792417,0.39002764,0.9288642,0.47825414,65271,37
8,13.398693,4.37E-05,0.0006368,1,306,31,0.52073413,0.8696022,0.11702364,0.8808099,94235,36
8,8.675798,5.04E-05,0.0019637,4,438,66,0.70904666,0.8620421,0.8241671,0.071546525,68890,47
8,13.520408,4.1E-05,0.0009492,2,392,94,0.3496882,0.96683484,0.10474333,0.68829924,82603,35
24,10.588236,5.98E-05,0.0008797,4,255,176,0.52661395,0.5242322,0.16427064,0.3046881,36561,47
8,9.361702,5.51E-05,0.0007733,5,235,170,0.53648037,0.8806502,0.09860373,0.036983013,43724,30
8,10.847458,4.24E-05,0.0014942,4,295,98,0.3334067,0.5660639,0.5509475,0.7425982,46973,34
14,5.882353,5.19E-05,0.0002642,1,136,37,0.97650844,0.3030297,0.76973444,0.7257847,30170,42
14,7.692308,4.38E-05,0.0002583,1,208,55,0.13914168,0.62985367,0.15256199,0.7707685,77913,23
16,15.873016,5.03E-05,0.0007536,5,126,126,0.054926664,0.5016359,0.90739083,0.796003,986,44
8,10.489511,0.0002035,0.002861,5,286,76,0.72961086,0.2807156,0.90762895,0.44929358,1835,46
8,9.2511015,4.2E-05,0.0020586,3,454,59,0.28609857,0.91031164,0.13980547,0.95073575,7114,23
8,0,4.66E-05,8.1E-06,3,142,178,0.4661499,0.01599513,0.017914714,0.18851244,63237,32
8,14.018692,4.31E-05,0.0002743,2,107,40,0.27077985,0.79518145,0.086144425,0.06368039,59851,33
8,9.138382,6.04E-05,0.0010016,2,383,118,0.84718245,0.03151731,0.81050384,0.518267,24269,39
8,8.457711,6.16E-05,0.0015205,5,201,51,0.7265378,0.54115653,0.9872917,0.9541843,87889,41
19,21.59091,6.57E-05,0.0003926,2,264,165,0.11423559,0.77392995,0.32823795,0.26898506,4180,40
8,7.906977,5.02E-05,0.0007982,5,215,130,0.9355937,0.16888829,0.66737485,0.8183359,15176,23
8,8.961304,4.56E-05,0.0016172,1,491,21,0.61159116,0.68320215,0.21832964,0.2938992,93532,38
8,9.87395,5.3E-05,0.0017957,2,476,37,0.23563993,0.7639192,0.1798176,0.58030015,20611,29
12,12.962963,5.08E-05,0.0014894,5,324,110,0.09346567,0.49310204,0.29342812,0.43488905,33634,30
8,10.526316,4.69E-05,0.0018933,4,228,30,0.925273,0.22097395,0.42059946,0.28108877,37846,26
19,11.960134,4.64E-05,0.0004264,2,301,195,0.80356234,0.9352986,0.39101413,0.13277066,44740,48
19,3.6649215,5.44E-05,0.0002071,1,382,200,0.070347115,0.6927544,0.5441042,0.14850958,84804,29
8,10.064935,4.11E-05,0.0026653,4,308,30,0.45817485,0.7387143,0.46790454,0.4989468,47324,34
14,9.701492,4.62E-05,0.0003616,3,134,85,0.6795083,0.3408224,0.9906805,0.25063914,32936,27
8,10.0917425,3.91E-05,0.0005791,3,109,28,0.9884324,0.64452875,0.2332498,0.6947024,68843,33
8,9.907121,4.83E-05,0.0013677,4,323,89,0.47359815,0.92213166,0.2651171,0.5027876,44205,28
37,41.216217,5.12E-05,0.0008679,5,148,143,0.3887694,0.6257195,0.07630567,0.96850765,58701,37
15.000001,6.19469,4.55E-05,0.000112,1,113,87,0.92333126,0.6569887,0.85064465,0.28660226,44849,22
8,8.920188,5.7E-05,0.002501,5,426,93,0.47683296,0.1532111,0.6558795,0.13921502,8115,38
8,5.7471266,4.61E-05,0.0007646,3,435,154,0.9729088,0.880165,0.7640246,0.053853083,12318,36
8,11.290322,8.25E-05,0.0005791,3,186,89,0.6633756,0.3004221,0.4239279,0.080609575,84645,40
17,19.855597,5.7E-05,0.0011853,4,277,114,0.40340874,0.4625451,0.08742272,0.38214013,91284,44
12,11.147541,4.86E-05,0.0009625,2,305,61,0.1339101,0.021058712,0.18341884,0.5649582,73641,28
11,10.9375,4.8E-05,0.0005196,4,192,119,0.26990366,0.7848016,0.3350621,0.102343865,6204,28
14,13.829787,5.62E-05,0.0003203,1,282,135,0.39251122,0.22415084,0.821545,0.17751715,68680,31
8,13.77551,4.89E-05,0.0006147,4,196,158,0.9488589,0.70895314,0.8294491,0.88191515,51839,25
21,20.90164,5.81E-05,0.0002215,1,244,97,0.11974827,0.18783928,0.396012,0.55669534,17111,26
8,11.306533,4.45E-05,0.0006966,2,398,187,0.48881996,0.93481225,0.94085574,0.27709422,55620,23
8,5.7522125,4.71E-05,0.0006099,2,226,60,0.4269611,0.13513583,0.41950718,0.93837625,89752,27
12,6.61157,6.72E-05,0.0002423,1,363,196,0.2356426,0.803509,0.8505506,0.8194444,71055,43
8,10.0418415,4.68E-05,0.0010394,1,478,30,0.85529876,0.3123545,0.5190068,0.14909667,3372,28
8,5.5702915,5.94E-05,0.00321,5,377,135,0.5883988,0.9731367,0.15072083,0.65185827,76886,43
10,6.9970846,5.03E-05,0.0007827,4,343,188,0.93344665,0.3130505,0.7769419,0.28714547,31238,50
8,8.92495,5E-05,0.0013678,2,493,56,0.7172612,0.9200814,0.1778947,0.47410023,79748,24
26,2.922078,4.82E-05,0.0004089,2,308,159,0.9578666,0.58348227,0.3309391,0.6747383,39446,36
8,8.591886,6.34E-05,0.0014403,3,419,121,0.16923597,0.12685469,0.1572258,0.49716917,34824,47
9,14.96063,4.59E-05,0.0011904,3,127,24,0.9439292,0.1761042,0.28117836,0.9028844,53487,50
22,8.181818,6.04E-05,0.0003952,2,220,179,0.34332675,0.13151243,0.50075406,0.8451342,32037,31
8,6.779661,4.76E-05,0.0016839,4,413,153,0.82567966,0.8800401,0.25563544,0.3072065,96253,49
8,8.411215,5.36E-05,0.001615,4,428,200,0.96725065,0.50592893,0.17064193,0.80393195,29523,31
4,0,5.67E-05,4.3E-06,2,103,138,0.54419297,0.15250495,0.3273755,0.88108706,41801,42
14,8.878505,5.9E-05,0.0001872,1,214,151,0.30992833,0.8038696,0.43631998,0.91121894,30239,45
20,11.073826,5.56E-05,0.0009586,2,298,97,0.6217382,0.90971226,0.6518873,0.52153844,493,46
8,7.692308,5.19E-05,0.0007647,4,221,93,0.99721783,0.35572198,0.8791429,0.057097502,88103,31
11,10.714286,4.34E-05,0.0017836,4,336,31,0.835114,0.31254995,0.49433067,0.005990724,3540,33
8,8.641975,4.49E-05,0.0015449,5,486,133,0.45381004,0.14115225,0.45477182,0.034485467,95406,37
11,0,6.17E-05,5.2E-06,2,136,164,0.03353883,0.055045545,0.90110385,0.24472015,84927,44
8,7.6704545,4.78E-05,0.0006994,3,352,118,0.99277526,0.7631915,0.25539088,0.043614414,33800,37
52.999996,59.859158,4.12E-05,0.0012328,5,142,34,0.062945634,0.2128109,0.44934174,0.83124197,95975,21
9,8.967391,5.79E-05,0.0010619,4,368,93,0.5166956,0.4635381,0.547539,0.058405723,21362,29
8,11.111112,4.44E-05,0.0031439,5,243,26,0.2774493,0.35133028,0.25499967,0.34303185,3502,49
8,11.371238,3.9E-05,0.001193,4,299,130,0.28181517,0.9464763,0.3431229,0.31089565,21235,33
8,8.641975,4.84E-05,0.0017198,3,405,53,0.23822342,0.52682287,0.7659869,0.83317804,54577,24
8,8.235294,4.62E-05,0.000881,3,340,145,0.7313568,0.48453262,0.17356107,0.9044041,46389,24
13,14.485981,4.78E-05,0.0006387,4,214,172,0.4574597,0.002364544,0.09665558,0.8857423,69441,27
10,8.461538,4.43E-05,0.0004072,3,130,109,0.8435196,0.5279907,0.61419666,0.7149699,82953,34
22,9.4562645,4.65E-05,0.0004322,1,423,123,0.893391,0.7633601,0.8412132,0.039192855,13252,50
8,7.7586203,4.67E-05,0.0006992,2,348,137,0.62001914,0.997246,0.79661566,0.31014737,89850,36
22,7.228915,6.64E-05,0.0001586,1,166,110,0.99862564,0.3263793,0.87822086,0.50855786,30555,47
28,16.541353,5.61E-05,0.00029,2,133,98,0.19128123,0.72087646,0.3655069,0.28844118,10379,44
8,9.558824,4.94E-05,0.001501,4,408,200,0.65317196,0.40636265,0.75812113,0.53301543,17788,36
8,9.937888,4.53E-05,0.0008235,2,322,55,0.3826006,0.49053484,0.8192285,0.7782653,88115,25
8,9.696969,4.38E-05,0.0007126,4,330,178,0.47164285,0.17172278,0.9328035,0.15413424,89176,35
10,0,6.14E-05,2.9E-06,1,149,165,0.001540231,0.81290966,0.40832275,0.9653231,12458,36
23,20.323326,4.62E-05,0.003942,4,433,129,0.2212199,0.0596225,0.29953644,0.2510285,99270,35
13,10.596026,5.83E-05,0.0008559,5,302,152,0.064957276,0.6696509,0.4293827,0.17022094,1786,27
41,36.082474,5.58E-05,0.0009269,4,291,181,0.014085929,0.50061584,0.12754361,0.82072705,95264,45
8,10.847458,4.36E-05,0.0028708,4,295,23,0.547564,0.9468498,0.6938693,0.9699672,4436,24
8,10.476191,5.24E-05,0.0009816,5,210,193,0.21584255,0.31460428,0.9676981,0.13869776,66919,28
24,28.85572,5.61E-05,0.0012054,5,201,199,0.44929966,0.20227888,0.11011325,0.9945402,26922,43
8,11.886305,5.62E-05,0.0003582,1,387,164,0.30159736,0.6578636,0.16303448,0.59188336,94372,38
8,6.557377,4.85E-05,0.0015827,5,427,174,0.5771367,0.70241755,0.13127555,0.73565763,25375,25
21,22.764229,5.34E-05,0.0008145,4,123,48,0.2592863,0.1666388,0.284227,0.27395326,7595,50
8,9.819121,5.28E-05,0.002299,2,387,21,0.7480612,0.38813788,0.47729546,0.9056342,29155,46
8,11.455109,4.74E-05,0.0007983,1,323,25,0.94022506,0.35023957,0.8029679,0.68007886,60968,39
8,10.191083,4.73E-05,0.0022873,4,471,92,0.82935333,0.7156344,0.86121744,0.25667134,19336,26
8,9.704641,4.51E-05,0.0019319,5,237,52,0.73019916,0.9482645,0.34302115,0.9986681,74657,48
19,2.9126215,4.67E-05,0.0001054,1,103,84,0.4317353,0.26294717,0.17669703,0.76694685,16143,25
7,0,5.11E-05,3.1E-06,1,152,159,0.29893053,0.662919,0.7898189,0.80459696,39232,48
10,5.3497944,5.28E-05,0.0001867,1,243,130,0.25364333,0.09972693,0.3577063,0.94249856,12036,34
8,5.934066,4.95E-05,0.000396,1,455,171,0.34144762,0.4596433,0.032852363,0.30190238,41892,50
10,9.473684,5.24E-05,0.0020428,5,475,192,0.21024008,0.439441,0.29864985,0.45712027,47526,43
18,5.855856,5.07E-05,0.0003466,2,222,134,0.47188455,0.80993575,0.30990866,0.6796453,32921,42
9,10.714286,4.43E-05,0.0017282,5,308,145,0.4313669,0.5508674,0.46374372,0.41728067,82045,50
8,9.207709,4.93E-05,0.0016113,4,467,199,0.8922703,0.15042692,0.112201706,0.75366753,66395,50
12,9.677419,5.78E-05,0.0002272,1,279,119,0.10022005,0.09569587,0.41737887,0.004162732,87502,43
8,9.090909,6.09E-05,0.0015815,2,396,37,0.3874955,0.25337496,0.80162615,0.6597043,93054,29
8,9.606987,5.57E-05,0.003056,3,458,35,0.19007768,0.3944861,0.7890039,0.41673705,10178,44
17,7.7181206,4.71E-05,0.0005251,3,298,198,0.97009474,0.20005158,0.90832573,0.66356343,74376,24
8,8.87574,4.75E-05,0.0009842,3,338,115,0.12523016,0.5752258,0.9048691,0.940085,19408,21
8,9.111111,5.05E-05,0.003494,5,450,62,0.411631,0.2565734,0.058053154,0.89833874,66537,41
11,8.309455,5.09E-05,0.0004354,1,349,94,0.10389904,0.2079173,0.6020189,0.89973634,32612,44
8,6.048387,5.17E-05,0.0007363,2,248,51,0.07930293,0.84064925,0.60550433,0.9736882,4227,22
19,21.694916,5.25E-05,0.0013359,5,295,82,0.01897253,0.82331496,0.5496929,0.074352324,49677,47
8,11.290322,5.77E-05,0.0017229,3,310,62,0.1545098,0.989912,0.18049718,0.96028894,57052,45
21,13.297873,7.2E-05,0.0006806,4,188,79,0.41650665,0.09352723,0.96172744,0.028789857,46671,30
14,10.31746,4.81E-05,0.0001941,1,126,55,0.39466786,0.4394312,0.6212032,0.78381556,40392,21
14,17.717718,4.65E-05,0.0021971,5,333,78,0.29401636,0.9859899,0.2769903,0.4632612,54414,35
15.000001,0,5.33E-05,1.01E-05,5,108,151,0.5175488,0.21333985,0.882571,0.715739,23105,26
20,20.886076,4.5E-05,0.0005586,4,158,139,0.42796823,0.71682686,0.8185101,0.040673655,42469,38
8,8.091287,5.83E-05,0.0005031,1,482,144,0.54170156,0.6365736,0.39833486,0.9251441,34967,44
8,8.4862385,4.33E-05,0.0007108,1,436,66,0.572681,0.7400641,0.26704293,0.88201886,47038,36
8,8.695652,4.22E-05,0.0010146,2,437,40,0.10594658,0.6145267,0.57739776,0.09614991,11689,24
9,6.4516125,5.82E-05,0.0001528,1,217,121,0.32690895,0.35643587,0.43439716,0.42838123,35211,38
21,4.77707,5.54E-05,0.000223,1,314,180,0.24558078,0.30412602,0.5958209,0.3104655,60179,39
8,11.297071,4.82E-05,0.0014066,4,239,77,0.34647804,0.4662124,0.035235167,0.6058104,42236,37
20,21.705427,4.56E-05,0.0010762,5,129,34,0.2350991,0.44504035,0.30703226,0.8367034,3699,48
21,7.9545455,4.82E-05,0.0001478,1,264,160,0.017763058,0.36162516,0.87118155,0.40717754,56516,25
22,22.258064,4.97E-05,0.0022929,4,310,41,0.047717996,0.7853751,0.65907323,0.89758384,62355,43
8,11.724138,4.33E-05,0.0005131,2,145,36,0.58866054,0.7037478,0.93655545,0.8463167,96107,20
15.000001,10.10989,4.2E-05,0.0008031,2,455,131,0.051644925,0.27968436,0.26940638,0.12549052,96382,20
8,7.821229,4.97E-05,0.0003397,1,358,127,0.5433258,0.39780042,0.5133521,0.670828,21174,40
8,6.1452518,5.01E-05,0.0009122,3,358,120,0.07335891,0.5313215,0.55721146,0.5485504,73039,41
8,9.734513,3.93E-05,0.0014065,3,452,55,0.31584093,0.87160766,0.9894132,0.08904824,48037,33
77,70.57613,4.48E-05,0.0018627,4,486,102,0.0063301898,0.23083787,0.8990059,0.6312379,6871,32
8,8.888889,5.97E-05,0.0025021,4,405,75,0.9851785,0.15716599,0.8815915,0.47197986,29778,47
8,7.226107,5.6E-05,0.0017146,4,429,178,0.557371,0.599429,0.7722339,0.12975949,77461,43
7,0,6.65E-05,9.2E-06,4,119,162,0.57784617,0.05345391,0.39716944,0.6694645,417,46
12,0,6.2E-05,6.9E-06,3,115,175,0.9133483,0.7071973,0.48462886,0.4414931,12061,42
9,13.527851,4.62E-05,0.0003602,1,377,175,0.7877115,0.66816115,0.09571593,0.7859029,99695,24
8,9.170305,5.39E-05,0.0016181,3,458,105,0.6956246,0.2384426,0.43284672,0.29138228,82203,30
8,10.032363,4.43E-05,0.0016263,4,309,88,0.7962764,0.095126644,0.10664482,0.37501416,74186,37
21,14.084508,6.3E-05,0.0006255,1,284,36,0.7999793,0.8696385,0.6728506,0.9568741,85480,47
8,8.933002,5.95E-05,0.0019051,4,403,186,0.59982264,0.45085737,0.14754769,0.4138519,62068,47
7,13.063063,5.4E-05,0.0003794,1,222,45,0.35492504,0.18219723,0.37380353,0.4638214,22533,44
8,8.9743595,6.36E-05,0.0022421,5,312,89,0.8589706,0.7677676,0.60362935,0.7169656,10601,47
8,8.961304,5.32E-05,0.0028803,5,491,148,0.10576523,0.4703985,0.8229706,0.45489058,2383,29
17,11.497326,6.66E-05,0.0004948,1,374,113,0.54835236,0.66237783,0.84108883,0.8855447,2276,26
8,13.538462,7.88E-05,0.000717,1,325,77,0.91740406,0.7525156,0.6848995,0.3525719,75470,31
8,12.244898,5.01E-05,0.0007929,2,294,86,0.96468943,0.47077262,0.8608496,0.08333605,78593,38
8,11.711712,5.94E-05,0.0013765,2,333,45,0.83542824,0.6988811,0.91572785,0.26334774,1441,47
9,11.031176,4.96E-05,0.0006638,2,417,173,0.46237466,0.29046264,0.7735608,0.66707146,54589,27
8,12.365591,4.19E-05,0.0015708,4,186,21,0.5002333,0.88729256,0.7191682,0.3795131,41183,20
15.000001,13.360325,4.77E-05,0.0007616,4,247,185,0.8638773,0.40851113,0.70542425,0.7494399,56535,49
8,9.698997,4.7E-05,0.0007276,2,299,38,0.28625378,0.68804014,0.6384141,0.028302543,81605,26
8,11.666667,4.55E-05,0.0004786,3,180,169,0.27785698,0.12759066,0.5795298,0.2346085,68145,22
20,16.260162,5.53E-05,0.0009803,3,246,68,0.055394065,0.60438794,0.59112734,0.8783588,94132,43
8,11.320755,4.43E-05,0.001709,4,212,42,0.23482619,0.6811844,0.16535589,0.7085892,595,50
27.000002,14.375,6.58E-05,0.0005855,4,160,97,0.88465726,0.8639269,0.06738416,0.72840625,15933,45
20,15.254237,5.22E-05,0.0005338,2,236,87,0.12906553,0.6981351,0.7250676,0.87262577,83732,27
10,8.72093,6.74E-05,0.0010066,3,344,144,0.2351157,0.48003268,0.29781294,0.6732091,76242,46
8,10.227273,4.5E-05,0.0044378,5,352,20,0.8482557,0.15824221,0.63580894,0.28789884,66809,23
11,4.477612,5.54E-05,0.0004834,3,201,114,0.30832088,0.8338005,0.43230572,0.7760986,27751,47
9,12.025317,4.8E-05,0.0006956,2,316,98,0.27585804,0.7693821,0.9818427,0.84495044,16138,26
18,9.154929,5.7E-05,0.0003386,3,142,74,0.99985033,0.008523294,0.021765785,0.9325538,59306,37
12,9.186352,5.7E-05,0.0009322,2,381,150,0.9165389,0.09305625,0.8487389,0.20126837,69422,43
37,26.90763,4.14E-05,0.0004948,3,249,185,0.046266533,0.29304042,0.2817236,0.6726939,64648,22
8,7.114624,5.19E-05,0.0013626,5,253,97,0.24662252,0.7909174,0.7718513,0.77087605,62029,41
8,11.167513,4.4E-05,0.0004445,2,197,95,0.76693,0.7919559,0.9639664,0.47465512,95555,24
8,7.3770494,3.97E-05,0.0012027,3,488,125,0.8464542,0.37556428,0.8345841,0.6636948,62533,32
20,12.957746,5E-05,0.0006446,2,355,176,0.29618606,0.0008635971,0.15769908,0.9259686,18614,22
15.000001,15.771812,0.001181,0.000917,3,298,115,0.7647933,0.046499047,0.00930138,0.28213498,84833,41
8,16.5,4.74E-05,0.0006779,3,200,172,0.67608774,0.8731219,0.35213116,0.9058152,38079,26
9,0,6.38E-05,2.3E-06,1,104,157,0.098735094,0.976306,0.7356192,0.30894995,64802,47
6,6.167401,4.89E-05,0.001884,4,454,68,0.35420382,0.5941714,0.17604509,0.03242033,52854,28
12,14.760915,5.8E-05,0.0015094,2,481,66,0.4559964,0.6197684,0.6894488,0.81181,784,29
8,9.615385,4.16E-05,0.0013938,2,208,20,0.5372447,0.1342001,0.5194569,0.14967592,50419,34
8,10.852714,5.28E-05,0.0008455,2,387,193,0.3996127,0.42938894,0.9082349,0.111823276,82162,37
8,10.476191,4.53E-05,0.0023107,5,315,33,0.8910489,0.6112699,0.3281585,0.08296559,5172,24
8,6.332454,4.86E-05,0.0003111,1,379,129,0.35456404,0.16548227,0.040286303,0.8031678,31190,40
12,8.8145895,4.65E-05,0.0005407,3,329,174,0.7662409,0.53726536,0.88085693,0.9448169,80346,38
9,8.823529,7.31E-05,0.0006186,4,238,143,0.52519554,0.20458795,0.21976677,0.8127816,67973,32
11,13.095239,5.12E-05,0.0008073,4,168,165,0.4036826,0.12393978,0.6666701,0.8518129,85273,46
10,6.7567563,4.87E-05,0.0005615,4,148,113,0.929116,0.84472305,0.60848117,0.7545274,43372,27
8,7.959183,4.76E-05,0.0017785,4,490,132,0.5600136,0.4064136,0.24135588,0.25561947,22326,36
8,10.344828,5.02E-05,0.0015593,4,232,56,0.67398316,0.7492643,0.7413967,0.7996137,31361,30
26,10.948905,5.93E-05,0.0003923,1,411,165,0.03279579,0.5509406,0.11482253,0.3874279,83452,43
8,9.375,4.86E-05,0.0005896,1,416,74,0.63923955,0.4810518,0.6598538,0.40418667,63268,39
8,5.4166665,4.48E-05,0.0005124,3,240,160,0.84070855,0.3357135,0.80662924,0.88054556,92811,37
20,14.925373,6.1E-05,0.0026077,5,335,59,0.19856614,0.77860886,0.14143634,0.6012121,53876,31
8,2.857143,5.06E-05,0.0006342,1,210,115,0.85565114,0.67200917,0.61406994,0.6791227,14897,39
11,8.032128,4.55E-05,0.0006502,4,249,156,0.670885,0.25399062,0.23290409,0.6406507,49688,35
8,10.945274,4.02E-05,0.0005131,1,402,77,0.80008525,0.8769449,0.9802782,0.18561019,3125,22
8,9.459459,5.96E-05,0.0011394,4,222,56,0.16735986,0.4877635,0.72553,0.20680906,39978,42
24,16.27907,5.31E-05,0.0001875,1,129,47,0.25120604,0.96734375,0.5675516,0.8599204,75863,31
8,8.041237,4.17E-05,0.0012644,4,485,172,0.5501523,0.39662266,0.10379659,0.21197848,60589,20
8,10.996564,4.91E-05,0.0031392,5,291,20,0.48735514,0.059364695,0.78739387,0.06482341,62476,44
9,11.524164,4.27E-05,0.0003747,2,269,110,0.4673314,0.99783117,0.80885273,0.07132602,53918,23